nohup: ignoring input
   ------------------------------------------------------------
  | Welcome to ROOT 6.10/09                http://root.cern.ch |
  |                               (c) 1995-2017, The ROOT Team |
  | Built for linuxx8664gcc                                    |
  | From tag , 16 October 2017                                 |
  | Try '.help', '.demo', '.license', '.credits', '.quit'/'.q' |
   ------------------------------------------------------------

WARNING: AutoLibraryloader::enable() and AutoLibraryLoader.h are deprecated.
Use FWLiteEnabler::enable() and FWLiteEnabler.h instead

Processing unbinned_fit_test_modified_PbPb_trytomanytimes__special_5_6_willdelet_pol2_releaselimit_0_0.C...
Info in <TCanvas::MakeDefCanvas>:  created default TCanvas with name c1
[#1] INFO:Eval -- RooAbsReal::attachToTree(mass) TTree Float_t branch mass will be converted to double precision
[#1] INFO:Eval -- RooTreeDataStore::loadValues(ds) Ignored 220558 out of range events
RooDataSet::ds[mass] = 1623043 entries
Warning in <TCanvas::Constructor>: Deleting canvas with same name: c1
begin fitting
[#1] INFO:Eval -- RooRealVar::setRange(mass) new range named 'fit' created with bounds [2.108,2.444]
[#1] INFO:Fitting -- RooAbsOptTestStatistic::ctor(nll_model_ds) constructing test statistic for sub-range named fit
[#1] INFO:Eval -- RooRealVar::setRange(mass) new range named 'NormalizationRangeForfit' created with bounds [2.1,2.444]
[#1] INFO:Eval -- RooRealVar::setRange(mass) new range named 'fit_nll_model_ds' created with bounds [2.108,2.444]
[#1] INFO:Fitting -- RooAbsOptTestStatistic::ctor(nll_model_ds) fixing interpretation of coefficients of any RooAddPdf to full domain of observables 
[#1] INFO:Minization -- RooMinimizer::optimizeConst: activating const optimization
[#1] INFO:Minization --  The following expressions will be evaluated in cache-and-track mode: (sigma1,sigma2,back)
[#1] INFO:Minization -- RooMinimizerFcn::synchronize: set of constant parameters changed, rerunning const optimizer
[#1] INFO:Minization --  The following expressions will be evaluated in cache-and-track mode: (sigma1,sigma2,back)
 **********
 **    1 **SET PRINT           1
 **********
 **********
 **    2 **SET NOGRAD
 **********
 PARAMETER DEFINITIONS:
    NO.   NAME         VALUE      STEP SIZE      LIMITS
     1 NumBkg       1.62303e+06  1.62303e+07   -8.11517e+07  8.11517e+07
 MINUIT WARNING IN PARAM DEF
 ============== LIMITS ON PARAM1 TOO FAR APART.
 PARAMETER DEFINITIONS:
    NO.   NAME         VALUE      STEP SIZE      LIMITS
     2 NumSig       4.90000e+03  4.90000e+04   -2.45000e+05  2.45000e+05
     3 float_width   0.00000e+00  1.00000e-01   -5.00000e-01  5.00000e-01
     4 mean         2.28600e+00  5.00000e-03    2.26000e+00  2.31000e+00
     5 p1          -8.35716e-02  2.00000e-01   -1.00000e+00  1.00000e+00
     6 p2          -2.66963e-03  2.00000e-01   -1.00000e+00  1.00000e+00
     7 p3           0.00000e+00  2.00000e-01   -1.00000e+00  1.00000e+00
     8 p4           0.00000e+00  2.00000e-01   -1.00000e+00  1.00000e+00
     9 ratio        7.41943e-01  7.41943e-02     no limits
 **********
 **    3 **FIX           9
 **********
 PARAMETER DEFINITIONS:
    NO.   NAME         VALUE      STEP SIZE      LIMITS
    10 width1       5.86449e-03  5.86449e-04     no limits
 **********
 **    4 **FIX          10
 **********
 PARAMETER DEFINITIONS:
    NO.   NAME         VALUE      STEP SIZE      LIMITS
    11 width2       1.20166e-02  1.20166e-03     no limits
 **********
 **    5 **FIX          11
 **********
 **********
 **    6 **SET ERR         0.5
 **********
 **********
 **    7 **SET PRINT           1
 **********
 **********
 **    8 **SET STR           1
 **********
 NOW USING STRATEGY  1: TRY TO BALANCE SPEED AGAINST RELIABILITY
 **********
 **    9 **MIGRAD        5500           1
 **********
 FIRST CALL TO USER FUNCTION AT NEW START POINT, WITH IFLAG=4.
 START MIGRAD MINIMIZATION.  STRATEGY  1.  CONVERGENCE WHEN EDM .LT. 1.00e-03
[#0] ERROR:InputArguments -- model: calculated negative expected events: -1.42682e+07
[#0] ERROR:InputArguments -- model: calculated negative expected events: -6074.49
[#0] WARNING:Minization -- RooMinimizerFcn: Minimized function has error status.
Returning maximum FCN so far (-1.73189e+06) to force MIGRAD to back out of this region. Error log follows
Parameter values: NumBkg=-11256.8, NumSig=4900, float_width=0, mean=2.286, p1=-0.0835716, p2=-0.00266963, p3=0, p4=0, ratio=0.741943, width1=0.00586449, width2=0.0120166
RooAddPdf::model[ NumSig * signal + NumBkg * back ]
     p.d.f value is less than zero (-42.122662), forcing value to zero @ !refCoefNorm=(mass = 2.28648), !pdfs=(signal = 58.862/1,back = 0.995595/0.335672), !coefficients=(NumSig = 4900,NumBkg = -11256.8)
     getLogVal() top-level p.d.f evaluates to zero @ !refCoefNorm=(mass = 2.28648), !pdfs=(signal = 58.862/1,back = 0.995595/0.335672), !coefficients=(NumSig = 4900,NumBkg = -11256.8)
     p.d.f value is less than zero (-16.757575), forcing value to zero @ !refCoefNorm=(mass = 2.27813), !pdfs=(signal = 27.4444/1,back = 0.999683/0.335672), !coefficients=(NumSig = 4900,NumBkg = -11256.8)
     getLogVal() top-level p.d.f evaluates to zero @ !refCoefNorm=(mass = 2.27813), !pdfs=(signal = 27.4444/1,back = 0.999683/0.335672), !coefficients=(NumSig = 4900,NumBkg = -11256.8)
     p.d.f value is less than zero (-19.686303), forcing value to zero @ !refCoefNorm=(mass = 2.27883), !pdfs=(signal = 31.0728/1,back = 0.999343/0.335672), !coefficients=(NumSig = 4900,NumBkg = -11256.8)
     getLogVal() top-level p.d.f evaluates to zero @ !refCoefNorm=(mass = 2.27883), !pdfs=(signal = 31.0728/1,back = 0.999343/0.335672), !coefficients=(NumSig = 4900,NumBkg = -11256.8)
     p.d.f value is less than zero (-30.816871), forcing value to zero @ !refCoefNorm=(mass = 2.29065), !pdfs=(signal = 44.8326/1,back = 0.993548/0.335672), !coefficients=(NumSig = 4900,NumBkg = -11256.8)
     getLogVal() top-level p.d.f evaluates to zero @ !refCoefNorm=(mass = 2.29065), !pdfs=(signal = 44.8326/1,back = 0.993548/0.335672), !coefficients=(NumSig = 4900,NumBkg = -11256.8)
     p.d.f value is less than zero (-20.861107), forcing value to zero @ !refCoefNorm=(mass = 2.2791), !pdfs=(signal = 32.5283/1,back = 0.999211/0.335672), !coefficients=(NumSig = 4900,NumBkg = -11256.8)
     getLogVal() top-level p.d.f evaluates to zero @ !refCoefNorm=(mass = 2.2791), !pdfs=(signal = 32.5283/1,back = 0.999211/0.335672), !coefficients=(NumSig = 4900,NumBkg = -11256.8)
     p.d.f value is less than zero (-30.972643), forcing value to zero @ !refCoefNorm=(mass = 2.29061), !pdfs=(signal = 45.0258/1,back = 0.993566/0.335672), !coefficients=(NumSig = 4900,NumBkg = -11256.8)
     getLogVal() top-level p.d.f evaluates to zero @ !refCoefNorm=(mass = 2.29061), !pdfs=(signal = 45.0258/1,back = 0.993566/0.335672), !coefficients=(NumSig = 4900,NumBkg = -11256.8)
    ... (remaining 2038 messages suppressed)
RooNLLVar::nll_model_ds[ paramSet=(NumBkg,NumSig,float_width,mean,p1,p2,p3,p4,ratio,width1,width2) ]
     function value is NAN @ paramSet=(NumBkg = -11256.8,NumSig = 4900,float_width = 0,mean = 2.286,p1 = -0.0835716,p2 = -0.00266963,p3 = 0,p4 = 0,ratio = 0.741943,width1 = 0.00586449,width2 = 0.0120166)

 FCN=-2.27526e+07 FROM MIGRAD    STATUS=INITIATE       38 CALLS          39 TOTAL
                     EDM= unknown      STRATEGY= 1      NO ERROR MATRIX       
  EXT PARAMETER               CURRENT GUESS       STEP         FIRST   
  NO.   NAME      VALUE            ERROR          SIZE      DERIVATIVE 
   1  NumBkg       1.62303e+06   1.62303e+07   2.01400e-01  -7.75830e+04
   2  NumSig       4.90000e+03   4.90000e+04   2.01400e-01  -3.69943e+02
   3  float_width   0.00000e+00   1.00000e-01   2.01358e-01  -1.06462e+01
   4  mean         2.28600e+00   5.00000e-03   2.01528e-01   9.57094e+00
   5  p1          -8.35716e-02   2.00000e-01   2.02105e-01   3.78522e+04
   6  p2          -2.66963e-03   2.00000e-01   2.01359e-01   1.07877e+04
   7  p3           0.00000e+00   2.00000e-01   2.01358e-01  -2.60479e+04
   8  p4           0.00000e+00   2.00000e-01   2.01358e-01  -6.32388e+03
   9  ratio        7.41943e-01     fixed    
  10  width1       5.86449e-03     fixed    
  11  width2       1.20166e-02     fixed    
                               ERR DEF= 0.5
 MIGRAD FAILS TO FIND IMPROVEMENT
 MACHINE ACCURACY LIMITS FURTHER IMPROVEMENT.
 MIGRAD MINIMIZATION HAS CONVERGED.
 MIGRAD WILL VERIFY CONVERGENCE AND ERROR MATRIX.
 COVARIANCE MATRIX CALCULATED SUCCESSFULLY
 FCN=-2.27541e+07 FROM HESSE     STATUS=OK             67 CALLS         288 TOTAL
                     EDM=0.0920315    STRATEGY= 1      ERROR MATRIX ACCURATE 
  EXT PARAMETER                                   STEP         FIRST   
  NO.   NAME      VALUE            ERROR          SIZE      DERIVATIVE 
   1  NumBkg       1.62146e+06   1.41176e+03   5.24752e-05   7.07461e+03
   2  NumSig       4.97231e+03   5.20942e+02   5.00356e-03   9.04584e+01
   3  float_width   1.15546e-01   1.11748e-01   5.00000e-01   1.11609e+00
   4  mean         2.28723e+00   7.86017e-04   1.02165e-01   2.28484e+00
   5  p1          -1.56416e-01   1.75315e-03   4.63709e-03  -7.94769e+01
   6  p2          -1.41927e-02   1.80132e-03   4.58935e-03  -2.04866e+02
   7  p3           1.50948e-03   1.48339e-03   3.76785e-03  -3.37491e+01
   8  p4           3.64671e-03   1.55167e-03   3.76095e-03   1.89600e+02
   9  ratio        7.41943e-01     fixed    
  10  width1       5.86449e-03     fixed    
  11  width2       1.20166e-02     fixed    
                               ERR DEF= 0.5
 MINUIT WARNING IN MIGRAD  
 ============== Negative diagonal element 3 in Error Matrix
 MINUIT WARNING IN MIGRAD  
 ============== 1.00287 added to diagonal of error matrix
[#0] WARNING:Minization -- RooMinimizerFcn: Minimized function has error status.
Returning maximum FCN so far (-1.73189e+06) to force MIGRAD to back out of this region. Error log follows
Parameter values: NumBkg=6.57455e+07, NumSig=244618, float_width=0.499324, mean=2.28903, p1=-0.459892, p2=-0.921049, p3=-0.320929, p4=0.933341, ratio=0.741943, width1=0.00586449, width2=0.0120166
RooChebychev::back[ x=mass coefList=(p1,p2,p3,p4) ]
     p.d.f value is less than zero (-0.332777), forcing value to zero @ x=mass=2.41906, coefList=(p1 = -0.459892,p2 = -0.921049,p3 = -0.320929,p4 = 0.933341)
     p.d.f value is less than zero (-0.320696), forcing value to zero @ x=mass=2.42178, coefList=(p1 = -0.459892,p2 = -0.921049,p3 = -0.320929,p4 = 0.933341)
     p.d.f value is less than zero (-0.218746), forcing value to zero @ x=mass=2.42991, coefList=(p1 = -0.459892,p2 = -0.921049,p3 = -0.320929,p4 = 0.933341)
     p.d.f value is less than zero (-0.303747), forcing value to zero @ x=mass=2.42392, coefList=(p1 = -0.459892,p2 = -0.921049,p3 = -0.320929,p4 = 0.933341)
     p.d.f value is less than zero (-0.328912), forcing value to zero @ x=mass=2.41403, coefList=(p1 = -0.459892,p2 = -0.921049,p3 = -0.320929,p4 = 0.933341)
     p.d.f value is less than zero (-0.309740), forcing value to zero @ x=mass=2.41077, coefList=(p1 = -0.459892,p2 = -0.921049,p3 = -0.320929,p4 = 0.933341)
     p.d.f value is less than zero (-0.335110), forcing value to zero @ x=mass=2.41684, coefList=(p1 = -0.459892,p2 = -0.921049,p3 = -0.320929,p4 = 0.933341)
     p.d.f value is less than zero (-0.201753), forcing value to zero @ x=mass=2.43077, coefList=(p1 = -0.459892,p2 = -0.921049,p3 = -0.320929,p4 = 0.933341)
     p.d.f value is less than zero (-0.320996), forcing value to zero @ x=mass=2.42174, coefList=(p1 = -0.459892,p2 = -0.921049,p3 = -0.320929,p4 = 0.933341)
     p.d.f value is less than zero (-0.281086), forcing value to zero @ x=mass=2.42597, coefList=(p1 = -0.459892,p2 = -0.921049,p3 = -0.320929,p4 = 0.933341)
     p.d.f value is less than zero (-0.330260), forcing value to zero @ x=mass=2.41439, coefList=(p1 = -0.459892,p2 = -0.921049,p3 = -0.320929,p4 = 0.933341)
     p.d.f value is less than zero (-0.077091), forcing value to zero @ x=mass=2.39563, coefList=(p1 = -0.459892,p2 = -0.921049,p3 = -0.320929,p4 = 0.933341)
    ... (remaining 2038 messages suppressed)

[#0] ERROR:InputArguments -- model: calculated negative expected events: -1.46279e+07
[#0] WARNING:Minization -- RooMinimizerFcn: Minimized function has error status.
Returning maximum FCN so far (-1.72764e+06) to force MIGRAD to back out of this region. Error log follows
Parameter values: NumBkg=2.73615e+06, NumSig=235207, float_width=0.499322, mean=2.28836, p1=-0.508176, p2=-0.94605, p3=-0.366219, p4=0.949945, ratio=0.741943, width1=0.00586449, width2=0.0120166
RooChebychev::back[ x=mass coefList=(p1,p2,p3,p4) ]
     p.d.f value is less than zero (-0.216573), forcing value to zero @ x=mass=2.43379, coefList=(p1 = -0.508176,p2 = -0.94605,p3 = -0.366219,p4 = 0.949945)
     p.d.f value is less than zero (-0.224290), forcing value to zero @ x=mass=2.40156, coefList=(p1 = -0.508176,p2 = -0.94605,p3 = -0.366219,p4 = 0.949945)
     p.d.f value is less than zero (-0.205056), forcing value to zero @ x=mass=2.43426, coefList=(p1 = -0.508176,p2 = -0.94605,p3 = -0.366219,p4 = 0.949945)
     p.d.f value is less than zero (-0.359776), forcing value to zero @ x=mass=2.42525, coefList=(p1 = -0.508176,p2 = -0.94605,p3 = -0.366219,p4 = 0.949945)
     p.d.f value is less than zero (-0.334472), forcing value to zero @ x=mass=2.42744, coefList=(p1 = -0.508176,p2 = -0.94605,p3 = -0.366219,p4 = 0.949945)
     p.d.f value is less than zero (-0.247759), forcing value to zero @ x=mass=2.40286, coefList=(p1 = -0.508176,p2 = -0.94605,p3 = -0.366219,p4 = 0.949945)
     p.d.f value is less than zero (-0.388639), forcing value to zero @ x=mass=2.42079, coefList=(p1 = -0.508176,p2 = -0.94605,p3 = -0.366219,p4 = 0.949945)
     p.d.f value is less than zero (-0.383662), forcing value to zero @ x=mass=2.422, coefList=(p1 = -0.508176,p2 = -0.94605,p3 = -0.366219,p4 = 0.949945)
     p.d.f value is less than zero (-0.384571), forcing value to zero @ x=mass=2.41495, coefList=(p1 = -0.508176,p2 = -0.94605,p3 = -0.366219,p4 = 0.949945)
     p.d.f value is less than zero (-0.210929), forcing value to zero @ x=mass=2.43402, coefList=(p1 = -0.508176,p2 = -0.94605,p3 = -0.366219,p4 = 0.949945)
     p.d.f value is less than zero (-0.245213), forcing value to zero @ x=mass=2.40272, coefList=(p1 = -0.508176,p2 = -0.94605,p3 = -0.366219,p4 = 0.949945)
     p.d.f value is less than zero (-0.145457), forcing value to zero @ x=mass=2.39768, coefList=(p1 = -0.508176,p2 = -0.94605,p3 = -0.366219,p4 = 0.949945)
    ... (remaining 2038 messages suppressed)

[#0] WARNING:Minization -- RooMinimizerFcn: Minimized function has error status.
Returning maximum FCN so far (-1.72764e+06) to force MIGRAD to back out of this region. Error log follows
Parameter values: NumBkg=1.73102e+06, NumSig=-84761.9, float_width=0.498128, mean=2.28839, p1=0.293526, p2=0.412103, p3=-0.687236, p4=-0.0640714, ratio=0.741943, width1=0.00586449, width2=0.0120166
RooAddPdf::model[ NumSig * signal + NumBkg * back ]
     p.d.f value is less than zero (-0.000036), forcing value to zero @ !refCoefNorm=(mass = 2.21184), !pdfs=(signal = 0.000676576/1,back = -0.0264741/0.285456), !coefficients=(NumSig = -84761.9,NumBkg = 1.73102e+06)
     getLogVal() top-level p.d.f evaluates to zero @ !refCoefNorm=(mass = 2.21184), !pdfs=(signal = 0.000676576/1,back = -0.0264741/0.285456), !coefficients=(NumSig = -84761.9,NumBkg = 1.73102e+06)
     p.d.f value is less than zero (-0.000004), forcing value to zero @ !refCoefNorm=(mass = 2.20311), !pdfs=(signal = 7.66466e-05/1,back = -0.04162/0.285456), !coefficients=(NumSig = -84761.9,NumBkg = 1.73102e+06)
     getLogVal() top-level p.d.f evaluates to zero @ !refCoefNorm=(mass = 2.20311), !pdfs=(signal = 7.66466e-05/1,back = -0.04162/0.285456), !coefficients=(NumSig = -84761.9,NumBkg = 1.73102e+06)
     p.d.f value is less than zero (-0.000049), forcing value to zero @ !refCoefNorm=(mass = 2.21311), !pdfs=(signal = 0.000910874/1,back = -0.0225843/0.285456), !coefficients=(NumSig = -84761.9,NumBkg = 1.73102e+06)
     getLogVal() top-level p.d.f evaluates to zero @ !refCoefNorm=(mass = 2.21311), !pdfs=(signal = 0.000910874/1,back = -0.0225843/0.285456), !coefficients=(NumSig = -84761.9,NumBkg = 1.73102e+06)
     p.d.f value is less than zero (-0.000001), forcing value to zero @ !refCoefNorm=(mass = 2.19577), !pdfs=(signal = 1.0215e-05/1,back = -0.0379031/0.285456), !coefficients=(NumSig = -84761.9,NumBkg = 1.73102e+06)
     getLogVal() top-level p.d.f evaluates to zero @ !refCoefNorm=(mass = 2.19577), !pdfs=(signal = 1.0215e-05/1,back = -0.0379031/0.285456), !coefficients=(NumSig = -84761.9,NumBkg = 1.73102e+06)
     p.d.f value is less than zero (-0.000005), forcing value to zero @ !refCoefNorm=(mass = 2.20369), !pdfs=(signal = 8.91784e-05/1,back = -0.0412597/0.285456), !coefficients=(NumSig = -84761.9,NumBkg = 1.73102e+06)
     getLogVal() top-level p.d.f evaluates to zero @ !refCoefNorm=(mass = 2.20369), !pdfs=(signal = 8.91784e-05/1,back = -0.0412597/0.285456), !coefficients=(NumSig = -84761.9,NumBkg = 1.73102e+06)
     p.d.f value is less than zero (-0.000001), forcing value to zero @ !refCoefNorm=(mass = 2.19588), !pdfs=(signal = 1.0548e-05/1,back = -0.0380782/0.285456), !coefficients=(NumSig = -84761.9,NumBkg = 1.73102e+06)
     getLogVal() top-level p.d.f evaluates to zero @ !refCoefNorm=(mass = 2.19588), !pdfs=(signal = 1.0548e-05/1,back = -0.0380782/0.285456), !coefficients=(NumSig = -84761.9,NumBkg = 1.73102e+06)
    ... (remaining 2038 messages suppressed)
RooNLLVar::nll_model_ds[ paramSet=(NumBkg,NumSig,float_width,mean,p1,p2,p3,p4,ratio,width1,width2) ]
     function value is NAN @ paramSet=(NumBkg = 1.73102e+06,NumSig = -84761.9,float_width = 0.498128,mean = 2.28839,p1 = 0.293526,p2 = 0.412103,p3 = -0.687236,p4 = -0.0640714,ratio = 0.741943,width1 = 0.00586449,width2 = 0.0120166)
RooChebychev::back[ x=mass coefList=(p1,p2,p3,p4) ]
     p.d.f value is less than zero (-0.040849), forcing value to zero @ x=mass=2.19819, coefList=(p1 = 0.293526,p2 = 0.412103,p3 = -0.687236,p4 = -0.0640714)
     p.d.f value is less than zero (-0.004767), forcing value to zero @ x=mass=2.18531, coefList=(p1 = 0.293526,p2 = 0.412103,p3 = -0.687236,p4 = -0.0640714)
     p.d.f value is less than zero (-0.019209), forcing value to zero @ x=mass=2.21411, coefList=(p1 = 0.293526,p2 = 0.412103,p3 = -0.687236,p4 = -0.0640714)
     p.d.f value is less than zero (-0.038199), forcing value to zero @ x=mass=2.19596, coefList=(p1 = 0.293526,p2 = 0.412103,p3 = -0.687236,p4 = -0.0640714)
     p.d.f value is less than zero (-0.005465), forcing value to zero @ x=mass=2.18545, coefList=(p1 = 0.293526,p2 = 0.412103,p3 = -0.687236,p4 = -0.0640714)
     p.d.f value is less than zero (-0.038982), forcing value to zero @ x=mass=2.19651, coefList=(p1 = 0.293526,p2 = 0.412103,p3 = -0.687236,p4 = -0.0640714)
     p.d.f value is less than zero (-0.040379), forcing value to zero @ x=mass=2.19769, coefList=(p1 = 0.293526,p2 = 0.412103,p3 = -0.687236,p4 = -0.0640714)
     p.d.f value is less than zero (-0.035574), forcing value to zero @ x=mass=2.20805, coefList=(p1 = 0.293526,p2 = 0.412103,p3 = -0.687236,p4 = -0.0640714)
     p.d.f value is less than zero (-0.002423), forcing value to zero @ x=mass=2.18483, coefList=(p1 = 0.293526,p2 = 0.412103,p3 = -0.687236,p4 = -0.0640714)
     p.d.f value is less than zero (-0.042066), forcing value to zero @ x=mass=2.20193, coefList=(p1 = 0.293526,p2 = 0.412103,p3 = -0.687236,p4 = -0.0640714)
     p.d.f value is less than zero (-0.031480), forcing value to zero @ x=mass=2.19263, coefList=(p1 = 0.293526,p2 = 0.412103,p3 = -0.687236,p4 = -0.0640714)
     p.d.f value is less than zero (-0.019605), forcing value to zero @ x=mass=2.214, coefList=(p1 = 0.293526,p2 = 0.412103,p3 = -0.687236,p4 = -0.0640714)
    ... (remaining 2038 messages suppressed)

 MIGRAD FAILS TO FIND IMPROVEMENT
 MIGRAD TERMINATED WITHOUT CONVERGENCE.
 FCN=-2.27541e+07 FROM MIGRAD    STATUS=FAILED        447 CALLS         448 TOTAL
                     EDM=7.85012    STRATEGY= 1  ERROR MATRIX UNCERTAINTY  37.4 per cent
  EXT PARAMETER                APPROXIMATE        STEP         FIRST   
  NO.   NAME      VALUE            ERROR          SIZE      DERIVATIVE 
   1  NumBkg       1.62139e+06   2.29780e+04  -0.00000e+00  -2.16855e+02
   2  NumSig       4.90249e+03   1.84945e+04   0.00000e+00  -3.13092e+00
   3  float_width   8.88642e-02   3.19682e-01   0.00000e+00  -2.58915e+00
   4  mean         2.28718e+00   1.62103e-02   0.00000e+00  -1.27710e-01
   5  p1          -1.56201e-01   5.07696e-01  -0.00000e+00   9.08467e-01
   6  p2          -1.39701e-02   3.34603e-03  -0.00000e+00   2.98879e+00
   7  p3           1.60879e-03   4.34165e-01  -0.00000e+00  -1.50750e+00
   8  p4           3.57323e-03   5.11645e-02   0.00000e+00  -3.46251e-01
   9  ratio        7.41943e-01     fixed    
  10  width1       5.86449e-03     fixed    
  11  width2       1.20166e-02     fixed    
                               ERR DEF= 0.5
 EXTERNAL ERROR MATRIX.    NDIM=  25    NPAR=  8    ERR DEF=0.5
  5.280e+08  3.440e+08 -4.132e+02 -2.303e+02 -1.003e+04 -3.327e+01 -8.471e+03  9.618e+02 
  3.440e+08  3.427e+08  4.085e+02  2.928e+00 -9.848e+03 -4.748e+01 -8.294e+03  9.428e+02 
 -4.132e+02  4.085e+02  1.211e-01  4.508e-06  4.150e-05  4.814e-05  1.673e-04 -4.829e-04 
 -2.303e+02  2.928e+00  4.508e-06  3.116e-04 -1.329e-05 -2.041e-05  1.891e-05  4.374e-06 
 -1.003e+04 -9.848e+03  4.150e-05 -1.329e-05  2.843e-01  1.371e-03  2.395e-01 -2.727e-02 
 -3.327e+01 -4.748e+01  4.814e-05 -2.041e-05  1.371e-03  1.120e-05  1.153e-03 -1.305e-04 
 -8.471e+03 -8.294e+03  1.673e-04  1.891e-05  2.395e-01  1.153e-03  2.017e-01 -2.297e-02 
  9.618e+02  9.428e+02 -4.829e-04  4.374e-06 -2.727e-02 -1.305e-04 -2.297e-02  2.620e-03 
ERR MATRIX APPROXIMATE
 PARAMETER  CORRELATION COEFFICIENTS  
       NO.  GLOBAL      1      2      3      4      5      6      7      8
        1  0.99842   1.000  0.809 -0.052 -0.568 -0.819 -0.433 -0.821  0.818
        2  0.99979   0.809  1.000  0.063  0.009 -0.998 -0.767 -0.998  0.995
        3  0.93710  -0.052  0.063  1.000  0.001  0.000  0.041  0.001 -0.027
        4  0.99511  -0.568  0.009  0.001  1.000 -0.001 -0.346  0.002  0.005
        5  1.00000  -0.819 -0.998  0.000 -0.001  1.000  0.769  1.000 -0.999
        6  0.89602  -0.433 -0.767  0.041 -0.346  0.769  1.000  0.767 -0.762
        7  1.00000  -0.821 -0.998  0.001  0.002  1.000  0.767  1.000 -0.999
        8  0.99975   0.818  0.995 -0.027  0.005 -0.999 -0.762 -0.999  1.000
 ERR MATRIX APPROXIMATE
[#1] INFO:Minization -- RooMinimizerFcn::synchronize: set of constant parameters changed, rerunning const optimizer
[#1] INFO:Minization --  The following expressions will be evaluated in cache-and-track mode: (sigma1,sigma2,back)
 **********
 **   10 **SET ERR         0.5
 **********
 **********
 **   11 **SET PRINT           1
 **********
 **********
 **   12 **HESSE        5500
 **********
 COVARIANCE MATRIX CALCULATED SUCCESSFULLY
 FCN=-2.27541e+07 FROM HESSE     STATUS=OK             77 CALLS         525 TOTAL
                     EDM=0.00348458    STRATEGY= 1      ERROR MATRIX ACCURATE 
  EXT PARAMETER                                INTERNAL      INTERNAL  
  NO.   NAME      VALUE            ERROR       STEP SIZE       VALUE   
   1  NumBkg       1.62139e+06   1.40862e+03   5.24699e-05   1.99810e-02
   2  NumSig       4.90249e+03   5.13206e+02   4.95430e-03   2.00115e-02
   3  float_width   8.88642e-02   1.07899e-01   5.00000e-01   1.78678e-01
   4  mean         2.28718e+00   7.79134e-04   1.01512e-01   8.73953e-02
   5  p1          -1.56201e-01   1.75342e-03   4.63756e-03  -1.56843e-01
   6  p2          -1.39701e-02   1.80086e-03   4.58816e-03  -1.39706e-02
   7  p3           1.60879e-03   1.48271e-03   3.76761e-03   1.60879e-03
   8  p4           3.57323e-03   1.54885e-03   3.76058e-03   3.57324e-03
   9  ratio        7.41943e-01     fixed    
  10  width1       5.86449e-03     fixed    
  11  width2       1.20166e-02     fixed    
                               ERR DEF= 0.5
 EXTERNAL ERROR MATRIX.    NDIM=  25    NPAR=  8    ERR DEF=0.5
  1.984e+06 -2.723e+05 -3.084e+01  5.883e-02 -2.658e-01  1.860e-01 -3.111e-01  4.889e-01 
 -2.723e+05  2.634e+05  2.954e+01 -5.780e-02  4.048e-02  7.457e-02  1.231e-01 -3.020e-01 
 -3.084e+01  2.954e+01  1.183e-02 -2.373e-06  4.056e-06  9.570e-06  1.374e-05 -3.182e-05 
  5.883e-02 -5.780e-02 -2.373e-06  6.072e-07  4.761e-09 -1.966e-08  3.995e-08  8.999e-08 
 -2.658e-01  4.048e-02  4.056e-06  4.761e-09  3.074e-06 -9.100e-07  1.550e-06 -5.633e-07 
  1.860e-01  7.457e-02  9.570e-06 -1.966e-08 -9.100e-07  3.243e-06 -8.159e-07  1.454e-06 
 -3.111e-01  1.231e-01  1.374e-05  3.995e-08  1.550e-06 -8.159e-07  2.198e-06 -6.909e-07 
  4.889e-01 -3.020e-01 -3.182e-05  8.999e-08 -5.633e-07  1.454e-06 -6.909e-07  2.399e-06 
 PARAMETER  CORRELATION COEFFICIENTS  
       NO.  GLOBAL      1      2      3      4      5      6      7      8
        1  0.39771   1.000 -0.377 -0.201  0.054 -0.108  0.073 -0.149  0.224
        2  0.69616  -0.377  1.000  0.529 -0.145  0.045  0.081  0.162 -0.380
        3  0.53158  -0.201  0.529  1.000 -0.028  0.021  0.049  0.085 -0.189
        4  0.17284   0.054 -0.145 -0.028  1.000  0.003 -0.014  0.035  0.075
        5  0.60910  -0.108  0.045  0.021  0.003  1.000 -0.288  0.596 -0.207
        6  0.63393   0.073  0.081  0.049 -0.014 -0.288  1.000 -0.306  0.521
        7  0.63632  -0.149  0.162  0.085  0.035  0.596 -0.306  1.000 -0.301
        8  0.67578   0.224 -0.380 -0.189  0.075 -0.207  0.521 -0.301  1.000
[#1] INFO:Minization -- RooMinimizerFcn::synchronize: set of constant parameters changed, rerunning const optimizer
[#1] INFO:Minization --  The following expressions will be evaluated in cache-and-track mode: (sigma1,sigma2,back)
 **********
 **   13 **MINOS        5500           1
 **********
 FUNCTION MUST BE MINIMIZED BEFORE CALLING MINOs     
 START MIGRAD MINIMIZATION.  STRATEGY  1.  CONVERGENCE WHEN EDM .LT. 5.00e-05
 FCN=-2.27541e+07 FROM MIGRAD    STATUS=INITIATE       16 CALLS         541 TOTAL
                     EDM=0.00190952    STRATEGY= 1      ERROR MATRIX ACCURATE 
  EXT PARAMETER                                   STEP         FIRST   
  NO.   NAME      VALUE            ERROR          SIZE      DERIVATIVE 
   1  NumBkg       1.62139e+06   1.40862e+03   5.24699e-05  -6.51799e+01
   2  NumSig       4.90249e+03   5.13206e+02   4.95430e-03   3.53515e+00
   3  float_width   8.88642e-02   1.07899e-01   5.00000e-01  -2.68313e-01
   4  mean         2.28718e+00   7.79134e-04   1.01512e-01  -8.77278e-01
   5  p1          -1.56201e-01   1.75342e-03   4.63756e-03   9.64038e-01
   6  p2          -1.39701e-02   1.80086e-03   4.58816e-03   9.41378e-01
   7  p3           1.60879e-03   1.48271e-03   3.76761e-03  -1.74913e+00
   8  p4           3.57323e-03   1.54885e-03   3.76058e-03  -8.17894e-01
   9  ratio        7.41943e-01     fixed    
  10  width1       5.86449e-03     fixed    
  11  width2       1.20166e-02     fixed    
                               ERR DEF= 0.5
 MIGRAD FAILS TO FIND IMPROVEMENT
 MACHINE ACCURACY LIMITS FURTHER IMPROVEMENT.
 MIGRAD MINIMIZATION HAS CONVERGED.
 FCN=-2.27541e+07 FROM MIGRAD    STATUS=CONVERGED      27 CALLS         552 TOTAL
                     EDM=0.00190952    STRATEGY= 1      ERROR MATRIX ACCURATE 
  EXT PARAMETER                                   STEP         FIRST   
  NO.   NAME      VALUE            ERROR          SIZE      DERIVATIVE 
   1  NumBkg       1.62139e+06   1.40862e+03  -0.00000e+00  -6.51799e+01
   2  NumSig       4.90249e+03   5.13206e+02   0.00000e+00   3.53515e+00
   3  float_width   8.88642e-02   1.07899e-01   0.00000e+00  -2.68313e-01
   4  mean         2.28718e+00   7.79134e-04   0.00000e+00  -8.77278e-01
   5  p1          -1.56201e-01   1.75342e-03   0.00000e+00   9.64038e-01
   6  p2          -1.39701e-02   1.80086e-03   0.00000e+00   9.41378e-01
   7  p3           1.60879e-03   1.48271e-03   0.00000e+00  -1.74913e+00
   8  p4           3.57323e-03   1.54885e-03  -0.00000e+00  -8.17894e-01
   9  ratio        7.41943e-01     fixed    
  10  width1       5.86449e-03     fixed    
  11  width2       1.20166e-02     fixed    
                               ERR DEF= 0.5
 EXTERNAL ERROR MATRIX.    NDIM=  25    NPAR=  8    ERR DEF=0.5
  1.984e+06 -2.723e+05 -3.084e+01  5.883e-02 -2.658e-01  1.860e-01 -3.111e-01  4.889e-01 
 -2.723e+05  2.634e+05  2.954e+01 -5.780e-02  4.048e-02  7.457e-02  1.231e-01 -3.020e-01 
 -3.084e+01  2.954e+01  1.183e-02 -2.373e-06  4.056e-06  9.570e-06  1.374e-05 -3.182e-05 
  5.883e-02 -5.780e-02 -2.373e-06  6.072e-07  4.761e-09 -1.966e-08  3.995e-08  8.999e-08 
 -2.658e-01  4.048e-02  4.056e-06  4.761e-09  3.074e-06 -9.100e-07  1.550e-06 -5.633e-07 
  1.860e-01  7.457e-02  9.570e-06 -1.966e-08 -9.100e-07  3.243e-06 -8.159e-07  1.454e-06 
 -3.111e-01  1.231e-01  1.374e-05  3.995e-08  1.550e-06 -8.159e-07  2.198e-06 -6.909e-07 
  4.889e-01 -3.020e-01 -3.182e-05  8.999e-08 -5.633e-07  1.454e-06 -6.909e-07  2.399e-06 
 PARAMETER  CORRELATION COEFFICIENTS  
       NO.  GLOBAL      1      2      3      4      5      6      7      8
        1  0.39771   1.000 -0.377 -0.201  0.054 -0.108  0.073 -0.149  0.224
        2  0.69616  -0.377  1.000  0.529 -0.145  0.045  0.081  0.162 -0.380
        3  0.53158  -0.201  0.529  1.000 -0.028  0.021  0.049  0.085 -0.189
        4  0.17284   0.054 -0.145 -0.028  1.000  0.003 -0.014  0.035  0.075
        5  0.60910  -0.108  0.045  0.021  0.003  1.000 -0.288  0.596 -0.207
        6  0.63393   0.073  0.081  0.049 -0.014 -0.288  1.000 -0.306  0.521
        7  0.63632  -0.149  0.162  0.085  0.035  0.596 -0.306  1.000 -0.301
        8  0.67578   0.224 -0.380 -0.189  0.075 -0.207  0.521 -0.301  1.000
 FCN=-2.27541e+07 FROM MINOS     STATUS=SUCCESSFUL     96 CALLS         648 TOTAL
                     EDM=0.00190952    STRATEGY= 1      ERROR MATRIX ACCURATE 
  EXT PARAMETER                  PARABOLIC         MINOS ERRORS        
  NO.   NAME      VALUE            ERROR      NEGATIVE      POSITIVE   
   1  NumBkg       1.62139e+06   1.40862e+03  -1.41210e+03   1.44819e+03
   2  NumSig       4.90249e+03   5.13206e+02                            
   3  float_width   8.88642e-02   1.07899e-01                            
   4  mean         2.28718e+00   7.79134e-04                            
   5  p1          -1.56201e-01   1.75342e-03                            
   6  p2          -1.39701e-02   1.80086e-03                            
   7  p3           1.60879e-03   1.48271e-03                            
   8  p4           3.57323e-03   1.54885e-03                            
   9  ratio        7.41943e-01     fixed    
  10  width1       5.86449e-03     fixed    
  11  width2       1.20166e-02     fixed    
                               ERR DEF= 0.5
 **********
 **   14 **MINOS        5500           2
 **********
 FCN=-2.27541e+07 FROM MINOS     STATUS=SUCCESSFUL    165 CALLS         813 TOTAL
                     EDM=0.00190952    STRATEGY= 1      ERROR MATRIX ACCURATE 
  EXT PARAMETER                  PARABOLIC         MINOS ERRORS        
  NO.   NAME      VALUE            ERROR      NEGATIVE      POSITIVE   
   1  NumBkg       1.62139e+06   1.40862e+03  -1.41210e+03   1.44819e+03
   2  NumSig       4.90249e+03   5.13206e+02  -5.63033e+02   5.63385e+02
   3  float_width   8.88642e-02   1.07899e-01                            
   4  mean         2.28718e+00   7.79134e-04                            
   5  p1          -1.56201e-01   1.75342e-03                            
   6  p2          -1.39701e-02   1.80086e-03                            
   7  p3           1.60879e-03   1.48271e-03                            
   8  p4           3.57323e-03   1.54885e-03                            
   9  ratio        7.41943e-01     fixed    
  10  width1       5.86449e-03     fixed    
  11  width2       1.20166e-02     fixed    
                               ERR DEF= 0.5
 **********
 **   15 **MINOS        5500           3
 **********
 FCN=-2.27541e+07 FROM MINOS     STATUS=SUCCESSFUL    489 CALLS        1302 TOTAL
                     EDM=0.00190952    STRATEGY= 1      ERROR MATRIX ACCURATE 
  EXT PARAMETER                  PARABOLIC         MINOS ERRORS        
  NO.   NAME      VALUE            ERROR      NEGATIVE      POSITIVE   
   1  NumBkg       1.62139e+06   1.40862e+03  -1.41210e+03   1.44819e+03
   2  NumSig       4.90249e+03   5.13206e+02  -5.63033e+02   5.63385e+02
   3  float_width   8.88642e-02   1.07899e-01  -1.27908e-01   1.24102e-01
   4  mean         2.28718e+00   7.79134e-04                            
   5  p1          -1.56201e-01   1.75342e-03                            
   6  p2          -1.39701e-02   1.80086e-03                            
   7  p3           1.60879e-03   1.48271e-03                            
   8  p4           3.57323e-03   1.54885e-03                            
   9  ratio        7.41943e-01     fixed    
  10  width1       5.86449e-03     fixed    
  11  width2       1.20166e-02     fixed    
                               ERR DEF= 0.5
 **********
 **   16 **MINOS        5500           4
 **********
 FCN=-2.27541e+07 FROM MINOS     STATUS=SUCCESSFUL    121 CALLS        1423 TOTAL
                     EDM=0.00190952    STRATEGY= 1      ERROR MATRIX ACCURATE 
  EXT PARAMETER                  PARABOLIC         MINOS ERRORS        
  NO.   NAME      VALUE            ERROR      NEGATIVE      POSITIVE   
   1  NumBkg       1.62139e+06   1.40862e+03  -1.41210e+03   1.44819e+03
   2  NumSig       4.90249e+03   5.13206e+02  -5.63033e+02   5.63385e+02
   3  float_width   8.88642e-02   1.07899e-01  -1.27908e-01   1.24102e-01
   4  mean         2.28718e+00   7.79134e-04  -7.47080e-04   7.87345e-04
   5  p1          -1.56201e-01   1.75342e-03                            
   6  p2          -1.39701e-02   1.80086e-03                            
   7  p3           1.60879e-03   1.48271e-03                            
   8  p4           3.57323e-03   1.54885e-03                            
   9  ratio        7.41943e-01     fixed    
  10  width1       5.86449e-03     fixed    
  11  width2       1.20166e-02     fixed    
                               ERR DEF= 0.5
 **********
 **   17 **MINOS        5500           5
 **********
 FCN=-2.27541e+07 FROM MINOS     STATUS=SUCCESSFUL     52 CALLS        1475 TOTAL
                     EDM=0.00190952    STRATEGY= 1      ERROR MATRIX ACCURATE 
  EXT PARAMETER                  PARABOLIC         MINOS ERRORS        
  NO.   NAME      VALUE            ERROR      NEGATIVE      POSITIVE   
   1  NumBkg       1.62139e+06   1.40862e+03  -1.41210e+03   1.44819e+03
   2  NumSig       4.90249e+03   5.13206e+02  -5.63033e+02   5.63385e+02
   3  float_width   8.88642e-02   1.07899e-01  -1.27908e-01   1.24102e-01
   4  mean         2.28718e+00   7.79134e-04  -7.47080e-04   7.87345e-04
   5  p1          -1.56201e-01   1.75342e-03  -1.75380e-03   1.74908e-03
   6  p2          -1.39701e-02   1.80086e-03                            
   7  p3           1.60879e-03   1.48271e-03                            
   8  p4           3.57323e-03   1.54885e-03                            
   9  ratio        7.41943e-01     fixed    
  10  width1       5.86449e-03     fixed    
  11  width2       1.20166e-02     fixed    
                               ERR DEF= 0.5
 **********
 **   18 **MINOS        5500           6
 **********
 FCN=-2.27541e+07 FROM MINOS     STATUS=SUCCESSFUL     78 CALLS        1553 TOTAL
                     EDM=0.00190952    STRATEGY= 1      ERROR MATRIX ACCURATE 
  EXT PARAMETER                  PARABOLIC         MINOS ERRORS        
  NO.   NAME      VALUE            ERROR      NEGATIVE      POSITIVE   
   1  NumBkg       1.62139e+06   1.40862e+03  -1.41210e+03   1.44819e+03
   2  NumSig       4.90249e+03   5.13206e+02  -5.63033e+02   5.63385e+02
   3  float_width   8.88642e-02   1.07899e-01  -1.27908e-01   1.24102e-01
   4  mean         2.28718e+00   7.79134e-04  -7.47080e-04   7.87345e-04
   5  p1          -1.56201e-01   1.75342e-03  -1.75380e-03   1.74908e-03
   6  p2          -1.39701e-02   1.80086e-03  -1.80589e-03   1.79119e-03
   7  p3           1.60879e-03   1.48271e-03                            
   8  p4           3.57323e-03   1.54885e-03                            
   9  ratio        7.41943e-01     fixed    
  10  width1       5.86449e-03     fixed    
  11  width2       1.20166e-02     fixed    
                               ERR DEF= 0.5
 **********
 **   19 **MINOS        5500           7
 **********
 FCN=-2.27541e+07 FROM MINOS     STATUS=SUCCESSFUL     52 CALLS        1605 TOTAL
                     EDM=0.00190952    STRATEGY= 1      ERROR MATRIX ACCURATE 
  EXT PARAMETER                  PARABOLIC         MINOS ERRORS        
  NO.   NAME      VALUE            ERROR      NEGATIVE      POSITIVE   
   1  NumBkg       1.62139e+06   1.40862e+03  -1.41210e+03   1.44819e+03
   2  NumSig       4.90249e+03   5.13206e+02  -5.63033e+02   5.63385e+02
   3  float_width   8.88642e-02   1.07899e-01  -1.27908e-01   1.24102e-01
   4  mean         2.28718e+00   7.79134e-04  -7.47080e-04   7.87345e-04
   5  p1          -1.56201e-01   1.75342e-03  -1.75380e-03   1.74908e-03
   6  p2          -1.39701e-02   1.80086e-03  -1.80589e-03   1.79119e-03
   7  p3           1.60879e-03   1.48271e-03  -1.48757e-03   1.48047e-03
   8  p4           3.57323e-03   1.54885e-03                            
   9  ratio        7.41943e-01     fixed    
  10  width1       5.86449e-03     fixed    
  11  width2       1.20166e-02     fixed    
                               ERR DEF= 0.5
 **********
 **   20 **MINOS        5500           8
 **********
 FCN=-2.27541e+07 FROM MINOS     STATUS=SUCCESSFUL     96 CALLS        1701 TOTAL
                     EDM=0.00190952    STRATEGY= 1      ERROR MATRIX ACCURATE 
  EXT PARAMETER                  PARABOLIC         MINOS ERRORS        
  NO.   NAME      VALUE            ERROR      NEGATIVE      POSITIVE   
   1  NumBkg       1.62139e+06   1.40862e+03  -1.41210e+03   1.44819e+03
   2  NumSig       4.90249e+03   5.13206e+02  -5.63033e+02   5.63385e+02
   3  float_width   8.88642e-02   1.07899e-01  -1.27908e-01   1.24102e-01
   4  mean         2.28718e+00   7.79134e-04  -7.47080e-04   7.87345e-04
   5  p1          -1.56201e-01   1.75342e-03  -1.75380e-03   1.74908e-03
   6  p2          -1.39701e-02   1.80086e-03  -1.80589e-03   1.79119e-03
   7  p3           1.60879e-03   1.48271e-03  -1.48757e-03   1.48047e-03
   8  p4           3.57323e-03   1.54885e-03  -1.54974e-03   1.58725e-03
   9  ratio        7.41943e-01     fixed    
  10  width1       5.86449e-03     fixed    
  11  width2       1.20166e-02     fixed    
                               ERR DEF= 0.5
Info in <TMinuitMinimizer::GetMinosError>: Parameter ratio is fixed. There are no Minos error to calculate. Ignored.
Info in <TMinuitMinimizer::GetMinosError>: Parameter width1 is fixed. There are no Minos error to calculate. Ignored.
Info in <TMinuitMinimizer::GetMinosError>: Parameter width2 is fixed. There are no Minos error to calculate. Ignored.
[#1] INFO:Minization -- RooMinimizer::optimizeConst: deactivating const optimization
[#1] INFO:Plotting -- RooAbsPdf::plotOn(model) p.d.f was fitted in range and no explicit plot,norm range was specified, using fit range as default
[#1] INFO:Plotting -- RooAbsPdf::plotOn(model) only plotting range 'fit_nll_model_ds'
[#1] INFO:Plotting -- RooAbsPdf::plotOn(model) p.d.f. curve is normalized using explicit choice of ranges 'fit_nll_model_ds'
[#1] INFO:Plotting -- RooAbsPdf::plotOn(model) directly selected PDF components: (back)
[#1] INFO:Plotting -- RooAbsPdf::plotOn(model) indirectly selected PDF components: ()
[#1] INFO:Plotting -- RooAbsPdf::plotOn(model) p.d.f was fitted in range and no explicit norm range was specified, using fit range as default
