nohup: ignoring input
WARNING: AutoLibraryloader::enable() and AutoLibraryLoader.h are deprecated.
Use FWLiteEnabler::enable() and FWLiteEnabler.h instead

Processing unbinned_fit_test_modified_PbPb_trytomanytimes_6_8_pol2.C...
Info in <TCanvas::MakeDefCanvas>:  created default TCanvas with name c1
[#1] INFO:Eval -- RooAbsReal::attachToTree(mass) TTree Float_t branch mass will be converted to double precision
[#1] INFO:Eval -- RooTreeDataStore::loadValues(ds) Ignored 161808 out of range events
RooDataSet::ds[mass] = 1264371 entries
Warning in <TCanvas::Constructor>: Deleting canvas with same name: c1
begin fitting
[#1] INFO:Eval -- RooRealVar::setRange(mass) new range named 'fit' created with bounds [2.108,2.444]
[#1] INFO:Fitting -- RooAbsOptTestStatistic::ctor(nll_model_ds) constructing test statistic for sub-range named fit
[#1] INFO:Eval -- RooRealVar::setRange(mass) new range named 'NormalizationRangeForfit' created with bounds [2.1,2.444]
[#1] INFO:Eval -- RooRealVar::setRange(mass) new range named 'fit_nll_model_ds' created with bounds [2.108,2.444]
[#1] INFO:Fitting -- RooAbsOptTestStatistic::ctor(nll_model_ds) fixing interpretation of coefficients of any RooAddPdf to full domain of observables 
[#1] INFO:Minization -- RooMinimizer::optimizeConst: activating const optimization
[#1] INFO:Minization --  The following expressions will be evaluated in cache-and-track mode: (sigma1,sigma2,back)
[#1] INFO:Minization -- RooMinimizerFcn::synchronize: set of constant parameters changed, rerunning const optimizer
[#1] INFO:Minization --  The following expressions will be evaluated in cache-and-track mode: (sigma1,sigma2,back)
 **********
 **    1 **SET PRINT           1
 **********
 **********
 **    2 **SET NOGRAD
 **********
 PARAMETER DEFINITIONS:
    NO.   NAME         VALUE      STEP SIZE      LIMITS
     1 NumBkg       1.23379e+06  1.23379e+07   -6.16894e+07  6.16894e+07
 MINUIT WARNING IN PARAM DEF
 ============== LIMITS ON PARAM1 TOO FAR APART.
 PARAMETER DEFINITIONS:
    NO.   NAME         VALUE      STEP SIZE      LIMITS
     2 NumSig       6.40000e+03  6.40000e+04   -3.20000e+05  3.20000e+05
     3 float_width   0.00000e+00  1.00000e-01   -5.00000e-01  5.00000e-01
     4 mean         2.28865e+00  5.00000e-03    2.26000e+00  2.31000e+00
     5 p1           0.00000e+00  2.00000e-01   -1.00000e+00  1.00000e+00
     6 p2           0.00000e+00  2.00000e-01   -1.00000e+00  1.00000e+00
     7 p3           0.00000e+00  2.00000e-01   -1.00000e+00  1.00000e+00
     8 p4           0.00000e+00  2.00000e-01   -1.00000e+00  1.00000e+00
     9 ratio        3.96622e-01  3.96622e-02     no limits
 **********
 **    3 **FIX           9
 **********
 PARAMETER DEFINITIONS:
    NO.   NAME         VALUE      STEP SIZE      LIMITS
    10 width1       5.06172e-03  5.06172e-04     no limits
 **********
 **    4 **FIX          10
 **********
 PARAMETER DEFINITIONS:
    NO.   NAME         VALUE      STEP SIZE      LIMITS
    11 width2       8.59563e-03  8.59563e-04     no limits
 **********
 **    5 **FIX          11
 **********
 **********
 **    6 **SET ERR         0.5
 **********
 **********
 **    7 **SET PRINT           1
 **********
 **********
 **    8 **SET STR           1
 **********
 NOW USING STRATEGY  1: TRY TO BALANCE SPEED AGAINST RELIABILITY
 **********
 **    9 **MIGRAD        5500           1
 **********
 FIRST CALL TO USER FUNCTION AT NEW START POINT, WITH IFLAG=4.
 START MIGRAD MINIMIZATION.  STRATEGY  1.  CONVERGENCE WHEN EDM .LT. 1.00e-03
[#0] ERROR:InputArguments -- model: calculated negative expected events: -1.08639e+07
[#0] ERROR:InputArguments -- model: calculated negative expected events: -1958.1
[#0] WARNING:Minization -- RooMinimizerFcn: Minimized function has error status.
Returning maximum FCN so far (-1.34557e+06) to force MIGRAD to back out of this region. Error log follows
Parameter values: NumBkg=-8557.1, NumSig=6400, float_width=0, mean=2.28865, p1=0, p2=0, p3=0, p4=0, ratio=0.396622, width1=0.00506172, width2=0.00859563
RooNLLVar::nll_model_ds[ paramSet=(NumBkg,NumSig,float_width,mean,p1,p2,p3,p4,ratio,width1,width2) ]
     function value is NAN @ paramSet=(NumBkg = -8557.1,NumSig = 6400,float_width = 0,mean = 2.28865,p1 = 0,p2 = 0,p3 = 0,p4 = 0,ratio = 0.396622,width1 = 0.00506172,width2 = 0.00859563)
RooAddPdf::model[ NumSig * signal + NumBkg * back ]
     p.d.f value is less than zero (-0.283747), forcing value to zero @ !refCoefNorm=(mass = 2.27155), !pdfs=(signal = 3.97358/1,back = 1/0.336), !coefficients=(NumSig = 6400,NumBkg = -8557.1)
     getLogVal() top-level p.d.f evaluates to zero @ !refCoefNorm=(mass = 2.27155), !pdfs=(signal = 3.97358/1,back = 1/0.336), !coefficients=(NumSig = 6400,NumBkg = -8557.1)
     p.d.f value is less than zero (-166.851930), forcing value to zero @ !refCoefNorm=(mass = 2.29103), !pdfs=(signal = 54.9355/1,back = 1/0.336), !coefficients=(NumSig = 6400,NumBkg = -8557.1)
     getLogVal() top-level p.d.f evaluates to zero @ !refCoefNorm=(mass = 2.29103), !pdfs=(signal = 54.9355/1,back = 1/0.336), !coefficients=(NumSig = 6400,NumBkg = -8557.1)
     p.d.f value is less than zero (-97.494693), forcing value to zero @ !refCoefNorm=(mass = 2.28196), !pdfs=(signal = 33.7155/1,back = 1/0.336), !coefficients=(NumSig = 6400,NumBkg = -8557.1)
     getLogVal() top-level p.d.f evaluates to zero @ !refCoefNorm=(mass = 2.28196), !pdfs=(signal = 33.7155/1,back = 1/0.336), !coefficients=(NumSig = 6400,NumBkg = -8557.1)
     p.d.f value is less than zero (-5.605747), forcing value to zero @ !refCoefNorm=(mass = 2.3043), !pdfs=(signal = 5.60186/1,back = 1/0.336), !coefficients=(NumSig = 6400,NumBkg = -8557.1)
     getLogVal() top-level p.d.f evaluates to zero @ !refCoefNorm=(mass = 2.3043), !pdfs=(signal = 5.60186/1,back = 1/0.336), !coefficients=(NumSig = 6400,NumBkg = -8557.1)
     p.d.f value is less than zero (-29.011795), forcing value to zero @ !refCoefNorm=(mass = 2.27677), !pdfs=(signal = 12.763/1,back = 1/0.336), !coefficients=(NumSig = 6400,NumBkg = -8557.1)
     getLogVal() top-level p.d.f evaluates to zero @ !refCoefNorm=(mass = 2.27677), !pdfs=(signal = 12.763/1,back = 1/0.336), !coefficients=(NumSig = 6400,NumBkg = -8557.1)
     p.d.f value is less than zero (-6.213969), forcing value to zero @ !refCoefNorm=(mass = 2.30416), !pdfs=(signal = 5.78794/1,back = 1/0.336), !coefficients=(NumSig = 6400,NumBkg = -8557.1)
     getLogVal() top-level p.d.f evaluates to zero @ !refCoefNorm=(mass = 2.30416), !pdfs=(signal = 5.78794/1,back = 1/0.336), !coefficients=(NumSig = 6400,NumBkg = -8557.1)
    ... (remaining 2038 messages suppressed)

 FCN=-1.74165e+07 FROM MIGRAD    STATUS=INITIATE       40 CALLS          41 TOTAL
                     EDM= unknown      STRATEGY= 1      NO ERROR MATRIX       
  EXT PARAMETER               CURRENT GUESS       STEP         FIRST   
  NO.   NAME      VALUE            ERROR          SIZE      DERIVATIVE 
   1  NumBkg       1.23379e+06   1.23379e+07   2.01400e-01  -1.31434e+06
   2  NumSig       6.40000e+03   6.40000e+04   2.01400e-01  -6.74920e+03
   3  float_width   0.00000e+00   1.00000e-01   2.01358e-01  -2.03503e+01
   4  mean         2.28865e+00   5.00000e-03   2.03667e-01   3.04627e+02
   5  p1           0.00000e+00   2.00000e-01   2.01358e-01   7.23681e+04
   6  p2           0.00000e+00   2.00000e-01   2.01358e-01   2.06016e+04
   7  p3           0.00000e+00   2.00000e-01   2.01358e-01  -5.11541e+04
   8  p4           0.00000e+00   2.00000e-01   2.01358e-01  -7.02120e+03
   9  ratio        3.96622e-01     fixed    
  10  width1       5.06172e-03     fixed    
  11  width2       8.59563e-03     fixed    
                               ERR DEF= 0.5
 MIGRAD FAILS TO FIND IMPROVEMENT
 MIGRAD MINIMIZATION HAS CONVERGED.
 MIGRAD WILL VERIFY CONVERGENCE AND ERROR MATRIX.
 COVARIANCE MATRIX CALCULATED SUCCESSFULLY
 FCN=-1.74239e+07 FROM HESSE     STATUS=OK             73 CALLS         370 TOTAL
                     EDM=0.302003    STRATEGY= 1      ERROR MATRIX ACCURATE 
  EXT PARAMETER                                   STEP         FIRST   
  NO.   NAME      VALUE            ERROR          SIZE      DERIVATIVE 
   1  NumBkg       1.26081e+06   1.24986e+03   5.33196e-05   1.90348e+02
   2  NumSig       6.46077e+03   4.73640e+02   3.06743e-03   1.26834e+01
   3  float_width   1.69944e-01   8.82193e-02   4.63168e-01   4.08594e+00
   4  mean         2.28734e+00   5.68642e-04   6.53012e-02  -3.53337e-01
   5  p1          -1.83738e-01   1.97625e-03   4.61107e-03   2.50516e+00
   6  p2          -3.05280e-02   2.05605e-03   4.58760e-03  -5.30124e+00
   7  p3           2.09760e-03   1.69210e-03   3.75275e-03  -5.53669e+00
   8  p4           4.53235e-03   1.76734e-03   3.75519e-03   5.82435e+00
   9  ratio        3.96622e-01     fixed    
  10  width1       5.06172e-03     fixed    
  11  width2       8.59563e-03     fixed    
                               ERR DEF= 0.5
 MIGRAD FAILS TO FIND IMPROVEMENT
 MACHINE ACCURACY LIMITS FURTHER IMPROVEMENT.
 MIGRAD MINIMIZATION HAS CONVERGED.
 MIGRAD WILL VERIFY CONVERGENCE AND ERROR MATRIX.
 COVARIANCE MATRIX CALCULATED SUCCESSFULLY
 MIGRAD TERMINATED WITHOUT CONVERGENCE.
 FCN=-1.74239e+07 FROM MIGRAD    STATUS=FAILED        494 CALLS         495 TOTAL
                     EDM=0.0384578    STRATEGY= 1      ERR MATRIX APPROXIMATE
  EXT PARAMETER                APPROXIMATE        STEP         FIRST   
  NO.   NAME      VALUE            ERROR          SIZE      DERIVATIVE 
   1  NumBkg       1.26103e+06   1.24617e+03   5.33196e-05  -2.96096e+02
   2  NumSig       6.24514e+03   4.64534e+02   2.96746e-03   1.28309e+02
   3  float_width   9.50863e-02   8.09975e-02   3.92388e-01  -2.30384e-01
   4  mean         2.28735e+00   5.51249e-04   6.30206e-02  -3.28256e+00
   5  p1          -1.83772e-01   1.97596e-03   4.60986e-03  -9.70376e-01
   6  p2          -3.06093e-02   2.05558e-03   4.58766e-03   3.47004e+00
   7  p3           1.97897e-03   1.69085e-03   3.75215e-03   1.68840e+00
   8  p4           4.82312e-03   1.76238e-03   3.75390e-03  -5.99035e+00
   9  ratio        3.96622e-01     fixed    
  10  width1       5.06172e-03     fixed    
  11  width2       8.59563e-03     fixed    
                               ERR DEF= 0.5
 EXTERNAL ERROR MATRIX.    NDIM=  25    NPAR=  8    ERR DEF=0.5
  1.553e+06 -2.207e+05 -2.196e+01  2.195e-02 -2.619e-01  1.887e-01 -3.229e-01  5.025e-01 
 -2.207e+05  2.158e+05  2.102e+01 -2.222e-02  3.772e-02  7.602e-02  1.314e-01 -3.147e-01 
 -2.196e+01  2.102e+01  6.621e-03 -8.221e-07  3.337e-06  8.434e-06  1.281e-05 -2.953e-05 
  2.195e-02 -2.222e-02 -8.221e-07  3.039e-07  7.543e-09 -1.215e-08  4.189e-08  4.932e-08 
 -2.619e-01  3.772e-02  3.337e-06  7.543e-09  3.904e-06 -1.219e-06  1.977e-06 -7.201e-07 
  1.887e-01  7.602e-02  8.434e-06 -1.215e-08 -1.219e-06  4.225e-06 -1.124e-06  1.866e-06 
 -3.229e-01  1.314e-01  1.281e-05  4.189e-08  1.977e-06 -1.124e-06  2.859e-06 -9.388e-07 
  5.025e-01 -3.147e-01 -2.953e-05  4.932e-08 -7.201e-07  1.866e-06 -9.388e-07  3.106e-06 
ERR MATRIX APPROXIMATE
 PARAMETER  CORRELATION COEFFICIENTS  
       NO.  GLOBAL      1      2      3      4      5      6      7      8
        1  0.40226   1.000 -0.381 -0.217  0.032 -0.106  0.074 -0.153  0.229
        2  0.70364  -0.381  1.000  0.556 -0.087  0.041  0.080  0.167 -0.384
        3  0.55695  -0.217  0.556  1.000 -0.018  0.021  0.050  0.093 -0.206
        4  0.12125   0.032 -0.087 -0.018  1.000  0.007 -0.011  0.045  0.051
        5  0.60583  -0.106  0.041  0.021  0.007  1.000 -0.300  0.592 -0.207
        6  0.63328   0.074  0.080  0.050 -0.011 -0.300  1.000 -0.323  0.515
        7  0.63820  -0.153  0.167  0.093  0.045  0.592 -0.323  1.000 -0.315
        8  0.67374   0.229 -0.384 -0.206  0.051 -0.207  0.515 -0.315  1.000
 ERR MATRIX APPROXIMATE
[#1] INFO:Minization -- RooMinimizerFcn::synchronize: set of constant parameters changed, rerunning const optimizer
[#1] INFO:Minization --  The following expressions will be evaluated in cache-and-track mode: (sigma1,sigma2,back)
 **********
 **   10 **SET ERR         0.5
 **********
 **********
 **   11 **SET PRINT           1
 **********
 **********
 **   12 **HESSE        5500
 **********
 COVARIANCE MATRIX CALCULATED SUCCESSFULLY
 FCN=-1.74239e+07 FROM HESSE     STATUS=OK             61 CALLS         556 TOTAL
                     EDM=0.0443576    STRATEGY= 1      ERROR MATRIX ACCURATE 
  EXT PARAMETER                                INTERNAL      INTERNAL  
  NO.   NAME      VALUE            ERROR       STEP SIZE       VALUE   
   1  NumBkg       1.26103e+06   1.27472e+03   2.13278e-06   2.04430e-02
   2  NumSig       6.24514e+03   5.23922e+02   1.18698e-04   1.95173e-02
   3  float_width   9.50863e-02   9.24951e-02   1.56955e-02   1.91338e-01
   4  mean         2.28735e+00   5.49692e-04   1.26041e-02   9.42424e-02
   5  p1          -1.83772e-01   1.97411e-03   9.21972e-04  -1.84823e-01
   6  p2          -3.06093e-02   2.05379e-03   1.83506e-04  -3.06141e-02
   7  p3           1.97897e-03   1.69472e-03   1.50086e-04   1.97897e-03
   8  p4           4.82312e-03   1.79973e-03   1.50156e-04   4.82314e-03
   9  ratio        3.96622e-01     fixed    
  10  width1       5.06172e-03     fixed    
  11  width2       8.59563e-03     fixed    
                               ERR DEF= 0.5
 EXTERNAL ERROR MATRIX.    NDIM=  25    NPAR=  8    ERR DEF=0.5
  1.625e+06 -2.859e+05 -3.502e+01  2.390e-02 -2.718e-01  1.639e-01 -3.636e-01  6.025e-01 
 -2.859e+05  2.745e+05  3.297e+01 -2.390e-02  4.770e-02  9.679e-02  1.696e-01 -4.065e-01 
 -3.502e+01  3.297e+01  8.659e-03 -5.033e-06  5.287e-06  1.279e-05  1.986e-05 -4.818e-05 
  2.390e-02 -2.390e-02 -5.033e-06  3.022e-07  7.670e-09 -1.340e-08  4.116e-08  4.990e-08 
 -2.718e-01  4.770e-02  5.287e-06  7.670e-09  3.897e-06 -1.206e-06  1.972e-06 -7.255e-07 
  1.639e-01  9.679e-02  1.279e-05 -1.340e-08 -1.206e-06  4.218e-06 -1.095e-06  1.821e-06 
 -3.636e-01  1.696e-01  1.986e-05  4.116e-08  1.972e-06 -1.095e-06  2.872e-06 -9.853e-07 
  6.025e-01 -4.065e-01 -4.818e-05  4.990e-08 -7.255e-07  1.821e-06 -9.853e-07  3.239e-06 
 PARAMETER  CORRELATION COEFFICIENTS  
       NO.  GLOBAL      1      2      3      4      5      6      7      8
        1  0.44601   1.000 -0.428 -0.295  0.034 -0.108  0.063 -0.168  0.263
        2  0.77657  -0.428  1.000  0.676 -0.083  0.046  0.090  0.191 -0.431
        3  0.67761  -0.295  0.676  1.000 -0.098  0.029  0.067  0.126 -0.288
        4  0.12639   0.034 -0.083 -0.098  1.000  0.007 -0.012  0.044  0.050
        5  0.60485  -0.108  0.046  0.029  0.007  1.000 -0.298  0.590 -0.204
        6  0.63246   0.063  0.090  0.067 -0.012 -0.298  1.000 -0.315  0.493
        7  0.64031  -0.168  0.191  0.126  0.044  0.590 -0.315  1.000 -0.323
        8  0.69019   0.263 -0.431 -0.288  0.050 -0.204  0.493 -0.323  1.000
[#1] INFO:Minization -- RooMinimizerFcn::synchronize: set of constant parameters changed, rerunning const optimizer
[#1] INFO:Minization --  The following expressions will be evaluated in cache-and-track mode: (sigma1,sigma2,back)
 **********
 **   13 **MINOS        5500           1
 **********
 FUNCTION MUST BE MINIMIZED BEFORE CALLING MINOs     
 START MIGRAD MINIMIZATION.  STRATEGY  1.  CONVERGENCE WHEN EDM .LT. 5.00e-05
 FCN=-1.74239e+07 FROM MIGRAD    STATUS=INITIATE       16 CALLS         572 TOTAL
                     EDM=0.021664    STRATEGY= 1      ERROR MATRIX ACCURATE 
  EXT PARAMETER                                   STEP         FIRST   
  NO.   NAME      VALUE            ERROR          SIZE      DERIVATIVE 
   1  NumBkg       1.26103e+06   1.27472e+03   2.13278e-06  -2.96745e+02
   2  NumSig       6.24514e+03   5.23922e+02   1.18698e-04   1.28263e+02
   3  float_width   9.50863e-02   9.24951e-02   1.56955e-02  -2.46577e-01
   4  mean         2.28735e+00   5.49692e-04   1.26041e-02  -3.26244e+00
   5  p1          -1.83772e-01   1.97411e-03   9.21972e-04  -9.75216e-01
   6  p2          -3.06093e-02   2.05379e-03   1.83506e-04   3.47880e+00
   7  p3           1.97897e-03   1.69472e-03   1.50086e-04   1.68963e+00
   8  p4           4.82312e-03   1.79973e-03   1.50156e-04  -5.98803e+00
   9  ratio        3.96622e-01     fixed    
  10  width1       5.06172e-03     fixed    
  11  width2       8.59563e-03     fixed    
                               ERR DEF= 0.5
 MIGRAD FAILS TO FIND IMPROVEMENT
 MACHINE ACCURACY LIMITS FURTHER IMPROVEMENT.
 MIGRAD MINIMIZATION HAS CONVERGED.
 MIGRAD WILL VERIFY CONVERGENCE AND ERROR MATRIX.
 COVARIANCE MATRIX CALCULATED SUCCESSFULLY
 FCN=-1.74239e+07 FROM MIGRAD    STATUS=CONVERGED     121 CALLS         677 TOTAL
                     EDM=2.94585e-05    STRATEGY= 1      ERROR MATRIX ACCURATE 
  EXT PARAMETER                                   STEP         FIRST   
  NO.   NAME      VALUE            ERROR          SIZE      DERIVATIVE 
   1  NumBkg       1.26114e+06   1.24876e+03   4.26557e-05  -2.19536e+00
   2  NumSig       6.14413e+03   4.69273e+02   2.37397e-03  -1.66548e+00
   3  float_width   8.50107e-02   8.25799e-02   3.13910e-01   3.81450e-02
   4  mean         2.28740e+00   5.52291e-04   6.31823e-02   9.75951e-03
   5  p1          -1.83789e-01   1.97553e-03   4.60988e-03  -5.02947e-02
   6  p2          -3.06458e-02   2.05492e-03   3.67013e-03   6.57232e-03
   7  p3           1.91961e-03   1.69080e-03   3.00172e-03   7.50061e-02
   8  p4           4.98531e-03   1.76536e-03   3.00312e-03  -3.28260e-02
   9  ratio        3.96622e-01     fixed    
  10  width1       5.06172e-03     fixed    
  11  width2       8.59563e-03     fixed    
                               ERR DEF= 0.5
 EXTERNAL ERROR MATRIX.    NDIM=  25    NPAR=  8    ERR DEF=0.5
  1.559e+06 -2.261e+05 -2.347e+01  2.288e-02 -2.629e-01  1.868e-01 -3.266e-01  5.112e-01 
 -2.261e+05  2.202e+05  2.237e+01 -2.300e-02  3.876e-02  7.735e-02  1.348e-01 -3.224e-01 
 -2.347e+01  2.237e+01  6.884e-03 -7.316e-07  3.619e-06  8.888e-06  1.378e-05 -3.168e-05 
  2.288e-02 -2.300e-02 -7.316e-07  3.051e-07  7.125e-09 -1.214e-08  4.052e-08  5.068e-08 
 -2.629e-01  3.876e-02  3.619e-06  7.125e-09  3.903e-06 -1.217e-06  1.976e-06 -7.205e-07 
  1.868e-01  7.735e-02  8.888e-06 -1.214e-08 -1.217e-06  4.223e-06 -1.120e-06  1.861e-06 
 -3.266e-01  1.348e-01  1.378e-05  4.052e-08  1.976e-06 -1.120e-06  2.859e-06 -9.420e-07 
  5.112e-01 -3.224e-01 -3.168e-05  5.068e-08 -7.205e-07  1.861e-06 -9.420e-07  3.116e-06 
 PARAMETER  CORRELATION COEFFICIENTS  
       NO.  GLOBAL      1      2      3      4      5      6      7      8
        1  0.40652   1.000 -0.386 -0.226  0.033 -0.107  0.073 -0.155  0.232
        2  0.71423  -0.386  1.000  0.575 -0.089  0.042  0.080  0.170 -0.389
        3  0.57575  -0.226  0.575  1.000 -0.016  0.022  0.052  0.098 -0.216
        4  0.12415   0.033 -0.089 -0.016  1.000  0.007 -0.011  0.043  0.052
        5  0.60569  -0.107  0.042  0.022  0.007  1.000 -0.300  0.591 -0.207
        6  0.63300   0.073  0.080  0.052 -0.011 -0.300  1.000 -0.322  0.513
        7  0.63821  -0.155  0.170  0.098  0.043  0.591 -0.322  1.000 -0.316
        8  0.67523   0.232 -0.389 -0.216  0.052 -0.207  0.513 -0.316  1.000
 MINUIT WARNING IN MIGRAD  
 ============== Negative diagonal element 2 in Error Matrix
 MINUIT WARNING IN MIGRAD  
 ============== 1.01862 added to diagonal of error matrix
[#0] WARNING:Minization -- RooMinimizerFcn: Minimized function has error status.
Returning maximum FCN so far (-1.34557e+06) to force MIGRAD to back out of this region. Error log follows
Parameter values: NumBkg=1.25989e+06, NumSig=237043, float_width=0.45846, mean=2.28363, p1=-0.134921, p2=-0.908404, p3=-0.0908389, p4=0.115899, ratio=0.396622, width1=0.00506172, width2=0.00859563
RooChebychev::back[ x=mass coefList=(p1,p2,p3,p4) ]
     p.d.f value is less than zero (-0.017674), forcing value to zero @ x=mass=2.44396, coefList=(p1 = -0.134921 +/- 0.00197411,p2 = -0.908404 +/- 0.00205379,p3 = -0.0908389 +/- 0.00169472,p4 = 0.115899 +/- 0.00179973)
     p.d.f value is less than zero (-0.011977), forcing value to zero @ x=mass=2.4436, coefList=(p1 = -0.134921 +/- 0.00197411,p2 = -0.908404 +/- 0.00205379,p3 = -0.0908389 +/- 0.00169472,p4 = 0.115899 +/- 0.00179973)
     p.d.f value is less than zero (-0.005485), forcing value to zero @ x=mass=2.4432, coefList=(p1 = -0.134921 +/- 0.00197411,p2 = -0.908404 +/- 0.00205379,p3 = -0.0908389 +/- 0.00169472,p4 = 0.115899 +/- 0.00179973)
     p.d.f value is less than zero (-0.003931), forcing value to zero @ x=mass=2.4431, coefList=(p1 = -0.134921 +/- 0.00197411,p2 = -0.908404 +/- 0.00205379,p3 = -0.0908389 +/- 0.00169472,p4 = 0.115899 +/- 0.00179973)
     p.d.f value is less than zero (-0.010412), forcing value to zero @ x=mass=2.44351, coefList=(p1 = -0.134921 +/- 0.00197411,p2 = -0.908404 +/- 0.00205379,p3 = -0.0908389 +/- 0.00169472,p4 = 0.115899 +/- 0.00179973)
     p.d.f value is less than zero (-0.015199), forcing value to zero @ x=mass=2.44381, coefList=(p1 = -0.134921 +/- 0.00197411,p2 = -0.908404 +/- 0.00205379,p3 = -0.0908389 +/- 0.00169472,p4 = 0.115899 +/- 0.00179973)
     p.d.f value is less than zero (-0.011643), forcing value to zero @ x=mass=2.44358, coefList=(p1 = -0.134921 +/- 0.00197411,p2 = -0.908404 +/- 0.00205379,p3 = -0.0908389 +/- 0.00169472,p4 = 0.115899 +/- 0.00179973)
     p.d.f value is less than zero (-0.018200), forcing value to zero @ x=mass=2.444, coefList=(p1 = -0.134921 +/- 0.00197411,p2 = -0.908404 +/- 0.00205379,p3 = -0.0908389 +/- 0.00169472,p4 = 0.115899 +/- 0.00179973)
     p.d.f value is less than zero (-0.007982), forcing value to zero @ x=mass=2.44335, coefList=(p1 = -0.134921 +/- 0.00197411,p2 = -0.908404 +/- 0.00205379,p3 = -0.0908389 +/- 0.00169472,p4 = 0.115899 +/- 0.00179973)
     p.d.f value is less than zero (-0.017374), forcing value to zero @ x=mass=2.44394, coefList=(p1 = -0.134921 +/- 0.00197411,p2 = -0.908404 +/- 0.00205379,p3 = -0.0908389 +/- 0.00169472,p4 = 0.115899 +/- 0.00179973)
     p.d.f value is less than zero (-0.012023), forcing value to zero @ x=mass=2.44361, coefList=(p1 = -0.134921 +/- 0.00197411,p2 = -0.908404 +/- 0.00205379,p3 = -0.0908389 +/- 0.00169472,p4 = 0.115899 +/- 0.00179973)
     p.d.f value is less than zero (-0.000689), forcing value to zero @ x=mass=2.4429, coefList=(p1 = -0.134921 +/- 0.00197411,p2 = -0.908404 +/- 0.00205379,p3 = -0.0908389 +/- 0.00169472,p4 = 0.115899 +/- 0.00179973)
    ... (remaining 2038 messages suppressed)

 MIGRAD FAILS WITH STRATEGY=0.   WILL TRY WITH STRATEGY=1.
 MINUIT WARNING IN MIGRAD  
 ============== Negative diagonal element 2 in Error Matrix
 MINUIT WARNING IN MIGRAD  
 ============== 1.00124 added to diagonal of error matrix
[#0] WARNING:Minization -- RooMinimizerFcn: Minimized function has error status.
Returning maximum FCN so far (-1.34557e+06) to force MIGRAD to back out of this region. Error log follows
Parameter values: NumBkg=1.25987e+06, NumSig=319388, float_width=0.45236, mean=2.28534, p1=0.109914, p2=-0.958343, p3=0.119021, p4=-0.479009, ratio=0.396622, width1=0.00506172, width2=0.00859563
RooChebychev::back[ x=mass coefList=(p1,p2,p3,p4) ]
     p.d.f value is less than zero (-0.005250), forcing value to zero @ x=mass=2.10995, coefList=(p1 = 0.109914 +/- 0.00197411,p2 = -0.958343 +/- 0.00205379,p3 = 0.119021 +/- 0.00169472,p4 = -0.479009 +/- 0.00179973)
     p.d.f value is less than zero (-0.041620), forcing value to zero @ x=mass=2.44113, coefList=(p1 = 0.109914 +/- 0.00197411,p2 = -0.958343 +/- 0.00205379,p3 = 0.119021 +/- 0.00169472,p4 = -0.479009 +/- 0.00179973)
     p.d.f value is less than zero (-0.009863), forcing value to zero @ x=mass=2.10987, coefList=(p1 = 0.109914 +/- 0.00197411,p2 = -0.958343 +/- 0.00205379,p3 = 0.119021 +/- 0.00169472,p4 = -0.479009 +/- 0.00179973)
     p.d.f value is less than zero (-0.083358), forcing value to zero @ x=mass=2.10865, coefList=(p1 = 0.109914 +/- 0.00197411,p2 = -0.958343 +/- 0.00205379,p3 = 0.119021 +/- 0.00169472,p4 = -0.479009 +/- 0.00179973)
     p.d.f value is less than zero (-0.051643), forcing value to zero @ x=mass=2.10917, coefList=(p1 = 0.109914 +/- 0.00197411,p2 = -0.958343 +/- 0.00205379,p3 = 0.119021 +/- 0.00169472,p4 = -0.479009 +/- 0.00179973)
     p.d.f value is less than zero (-0.080600), forcing value to zero @ x=mass=2.1087, coefList=(p1 = 0.109914 +/- 0.00197411,p2 = -0.958343 +/- 0.00205379,p3 = 0.119021 +/- 0.00169472,p4 = -0.479009 +/- 0.00179973)
     p.d.f value is less than zero (-0.048817), forcing value to zero @ x=mass=2.10922, coefList=(p1 = 0.109914 +/- 0.00197411,p2 = -0.958343 +/- 0.00205379,p3 = 0.119021 +/- 0.00169472,p4 = -0.479009 +/- 0.00179973)
     p.d.f value is less than zero (-0.030530), forcing value to zero @ x=mass=2.44093, coefList=(p1 = 0.109914 +/- 0.00197411,p2 = -0.958343 +/- 0.00205379,p3 = 0.119021 +/- 0.00169472,p4 = -0.479009 +/- 0.00179973)
     p.d.f value is less than zero (-0.179599), forcing value to zero @ x=mass=2.44352, coefList=(p1 = 0.109914 +/- 0.00197411,p2 = -0.958343 +/- 0.00205379,p3 = 0.119021 +/- 0.00169472,p4 = -0.479009 +/- 0.00179973)
     p.d.f value is less than zero (-0.141980), forcing value to zero @ x=mass=2.44288, coefList=(p1 = 0.109914 +/- 0.00197411,p2 = -0.958343 +/- 0.00205379,p3 = 0.119021 +/- 0.00169472,p4 = -0.479009 +/- 0.00179973)
     p.d.f value is less than zero (-0.037151), forcing value to zero @ x=mass=2.10942, coefList=(p1 = 0.109914 +/- 0.00197411,p2 = -0.958343 +/- 0.00205379,p3 = 0.119021 +/- 0.00169472,p4 = -0.479009 +/- 0.00179973)
     p.d.f value is less than zero (-0.021829), forcing value to zero @ x=mass=2.44078, coefList=(p1 = 0.109914 +/- 0.00197411,p2 = -0.958343 +/- 0.00205379,p3 = 0.119021 +/- 0.00169472,p4 = -0.479009 +/- 0.00179973)
    ... (remaining 2038 messages suppressed)

[#0] WARNING:Minization -- RooMinimizerFcn: Minimized function has error status.
Returning maximum FCN so far (-1.34557e+06) to force MIGRAD to back out of this region. Error log follows
Parameter values: NumBkg=1.25987e+06, NumSig=273423, float_width=0.466433, mean=2.28525, p1=-0.106793, p2=0.399646, p3=0.706887, p4=-0.479299, ratio=0.396622, width1=0.00506172, width2=0.00859563
RooChebychev::back[ x=mass coefList=(p1,p2,p3,p4) ]
     p.d.f value is less than zero (-0.123140), forcing value to zero @ x=mass=2.30708, coefList=(p1 = -0.106793 +/- 0.00197411,p2 = 0.399646 +/- 0.00205379,p3 = 0.706887 +/- 0.00169472,p4 = -0.479299 +/- 0.00179973)
     p.d.f value is less than zero (-0.116247), forcing value to zero @ x=mass=2.3025, coefList=(p1 = -0.106793 +/- 0.00197411,p2 = 0.399646 +/- 0.00205379,p3 = 0.706887 +/- 0.00169472,p4 = -0.479299 +/- 0.00179973)
     p.d.f value is less than zero (-0.087299), forcing value to zero @ x=mass=2.29478, coefList=(p1 = -0.106793 +/- 0.00197411,p2 = 0.399646 +/- 0.00205379,p3 = 0.706887 +/- 0.00169472,p4 = -0.479299 +/- 0.00179973)
     p.d.f value is less than zero (-0.117053), forcing value to zero @ x=mass=2.30285, coefList=(p1 = -0.106793 +/- 0.00197411,p2 = 0.399646 +/- 0.00205379,p3 = 0.706887 +/- 0.00169472,p4 = -0.479299 +/- 0.00179973)
     p.d.f value is less than zero (-0.114220), forcing value to zero @ x=mass=2.30168, coefList=(p1 = -0.106793 +/- 0.00197411,p2 = 0.399646 +/- 0.00205379,p3 = 0.706887 +/- 0.00169472,p4 = -0.479299 +/- 0.00179973)
     p.d.f value is less than zero (-0.110427), forcing value to zero @ x=mass=2.30037, coefList=(p1 = -0.106793 +/- 0.00197411,p2 = 0.399646 +/- 0.00205379,p3 = 0.706887 +/- 0.00169472,p4 = -0.479299 +/- 0.00179973)
     p.d.f value is less than zero (-0.082707), forcing value to zero @ x=mass=2.29392, coefList=(p1 = -0.106793 +/- 0.00197411,p2 = 0.399646 +/- 0.00205379,p3 = 0.706887 +/- 0.00169472,p4 = -0.479299 +/- 0.00179973)
     p.d.f value is less than zero (-0.107762), forcing value to zero @ x=mass=2.3183, coefList=(p1 = -0.106793 +/- 0.00197411,p2 = 0.399646 +/- 0.00205379,p3 = 0.706887 +/- 0.00169472,p4 = -0.479299 +/- 0.00179973)
     p.d.f value is less than zero (-0.104520), forcing value to zero @ x=mass=2.31921, coefList=(p1 = -0.106793 +/- 0.00197411,p2 = 0.399646 +/- 0.00205379,p3 = 0.706887 +/- 0.00169472,p4 = -0.479299 +/- 0.00179973)
     p.d.f value is less than zero (-0.098339), forcing value to zero @ x=mass=2.32076, coefList=(p1 = -0.106793 +/- 0.00197411,p2 = 0.399646 +/- 0.00205379,p3 = 0.706887 +/- 0.00169472,p4 = -0.479299 +/- 0.00179973)
     p.d.f value is less than zero (-0.070129), forcing value to zero @ x=mass=2.32619, coefList=(p1 = -0.106793 +/- 0.00197411,p2 = 0.399646 +/- 0.00205379,p3 = 0.706887 +/- 0.00169472,p4 = -0.479299 +/- 0.00179973)
     p.d.f value is less than zero (-0.000212), forcing value to zero @ x=mass=2.28283, coefList=(p1 = -0.106793 +/- 0.00197411,p2 = 0.399646 +/- 0.00205379,p3 = 0.706887 +/- 0.00169472,p4 = -0.479299 +/- 0.00179973)
    ... (remaining 2038 messages suppressed)

 MINUIT WARNING IN MIGRAD  
 ============== Negative diagonal element 2 in Error Matrix
 MINUIT WARNING IN MIGRAD  
 ============== 1.00322 added to diagonal of error matrix
 FCN=-1.74239e+07 FROM MINOS     STATUS=SUCCESSFUL    536 CALLS        1213 TOTAL
                     EDM=2.94585e-05    STRATEGY= 1      ERROR MATRIX ACCURATE 
  EXT PARAMETER                  PARABOLIC         MINOS ERRORS        
  NO.   NAME      VALUE            ERROR      NEGATIVE      POSITIVE   
   1  NumBkg       1.26114e+06   1.24876e+03  -1.27392e+03   1.27190e+03
   2  NumSig       6.14413e+03   4.69273e+02                            
   3  float_width   8.50107e-02   8.25799e-02                            
   4  mean         2.28740e+00   5.52291e-04                            
   5  p1          -1.83789e-01   1.97553e-03                            
   6  p2          -3.06458e-02   2.05492e-03                            
   7  p3           1.91961e-03   1.69080e-03                            
   8  p4           4.98531e-03   1.76536e-03                            
   9  ratio        3.96622e-01     fixed    
  10  width1       5.06172e-03     fixed    
  11  width2       8.59563e-03     fixed    
                               ERR DEF= 0.5
 **********
 **   14 **MINOS        5500           2
 **********
 MINUIT WARNING IN MIGRAD  
 ============== Negative diagonal element 2 in Error Matrix
 MINUIT WARNING IN MIGRAD  
 ============== 1.00302 added to diagonal of error matrix
[#0] WARNING:Minization -- RooMinimizerFcn: Minimized function has error status.
Returning maximum FCN so far (-1.34557e+06) to force MIGRAD to back out of this region. Error log follows
Parameter values: NumBkg=5.77178e+07, NumSig=6674.33, float_width=0.430047, mean=2.28543, p1=-0.664009, p2=0.887598, p3=-0.35021, p4=0.965699, ratio=0.396622, width1=0.00506172, width2=0.00859563
RooChebychev::back[ x=mass coefList=(p1,p2,p3,p4) ]
     p.d.f value is less than zero (-0.000660), forcing value to zero @ x=mass=2.17285, coefList=(p1 = -0.664009 +/- 0.00197411,p2 = 0.887598 +/- 0.00205379,p3 = -0.35021 +/- 0.00169472,p4 = 0.965699 +/- 0.00179973)
     p.d.f value is less than zero (-0.194334), forcing value to zero @ x=mass=2.39184, coefList=(p1 = -0.664009 +/- 0.00197411,p2 = 0.887598 +/- 0.00205379,p3 = -0.35021 +/- 0.00169472,p4 = 0.965699 +/- 0.00179973)
     p.d.f value is less than zero (-0.014098), forcing value to zero @ x=mass=2.36504, coefList=(p1 = -0.664009 +/- 0.00197411,p2 = 0.887598 +/- 0.00205379,p3 = -0.35021 +/- 0.00169472,p4 = 0.965699 +/- 0.00179973)
     p.d.f value is less than zero (-0.198377), forcing value to zero @ x=mass=2.38711, coefList=(p1 = -0.664009 +/- 0.00197411,p2 = 0.887598 +/- 0.00205379,p3 = -0.35021 +/- 0.00169472,p4 = 0.965699 +/- 0.00179973)
     p.d.f value is less than zero (-0.198332), forcing value to zero @ x=mass=2.38707, coefList=(p1 = -0.664009 +/- 0.00197411,p2 = 0.887598 +/- 0.00205379,p3 = -0.35021 +/- 0.00169472,p4 = 0.965699 +/- 0.00179973)
     p.d.f value is less than zero (-0.178471), forcing value to zero @ x=mass=2.3953, coefList=(p1 = -0.664009 +/- 0.00197411,p2 = 0.887598 +/- 0.00205379,p3 = -0.35021 +/- 0.00169472,p4 = 0.965699 +/- 0.00179973)
     p.d.f value is less than zero (-0.094949), forcing value to zero @ x=mass=2.40323, coefList=(p1 = -0.664009 +/- 0.00197411,p2 = 0.887598 +/- 0.00205379,p3 = -0.35021 +/- 0.00169472,p4 = 0.965699 +/- 0.00179973)
     p.d.f value is less than zero (-0.057352), forcing value to zero @ x=mass=2.40552, coefList=(p1 = -0.664009 +/- 0.00197411,p2 = 0.887598 +/- 0.00205379,p3 = -0.35021 +/- 0.00169472,p4 = 0.965699 +/- 0.00179973)
     p.d.f value is less than zero (-0.133403), forcing value to zero @ x=mass=2.3752, coefList=(p1 = -0.664009 +/- 0.00197411,p2 = 0.887598 +/- 0.00205379,p3 = -0.35021 +/- 0.00169472,p4 = 0.965699 +/- 0.00179973)
     p.d.f value is less than zero (-0.151890), forcing value to zero @ x=mass=2.37734, coefList=(p1 = -0.664009 +/- 0.00197411,p2 = 0.887598 +/- 0.00205379,p3 = -0.35021 +/- 0.00169472,p4 = 0.965699 +/- 0.00179973)
     p.d.f value is less than zero (-0.197647), forcing value to zero @ x=mass=2.39039, coefList=(p1 = -0.664009 +/- 0.00197411,p2 = 0.887598 +/- 0.00205379,p3 = -0.35021 +/- 0.00169472,p4 = 0.965699 +/- 0.00179973)
     p.d.f value is less than zero (-0.111826), forcing value to zero @ x=mass=2.37301, coefList=(p1 = -0.664009 +/- 0.00197411,p2 = 0.887598 +/- 0.00205379,p3 = -0.35021 +/- 0.00169472,p4 = 0.965699 +/- 0.00179973)
    ... (remaining 2038 messages suppressed)

[#0] ERROR:InputArguments -- model: calculated negative expected events: -2.27838e+07
[#0] WARNING:Minization -- RooMinimizerFcn: Minimized function has error status.
Returning maximum FCN so far (-1.34557e+06) to force MIGRAD to back out of this region. Error log follows
Parameter values: NumBkg=-2.36103e+07, NumSig=6674.33, float_width=0.214203, mean=2.28721, p1=-0.346253, p2=0.880999, p3=0.435404, p4=-0.974048, ratio=0.396622, width1=0.00506172, width2=0.00859563
RooNLLVar::nll_model_ds[ paramSet=(NumBkg,NumSig,float_width,mean,p1,p2,p3,p4,ratio,width1,width2) ]
     function value is NAN @ paramSet=(NumBkg = -2.36103e+07 +/- 1274.72,NumSig = 6674.33 +/- 523.922,float_width = 0.214203 +/- 0.0924951,mean = 2.28721 +/- 0.000549692,p1 = -0.346253 +/- 0.00197411,p2 = 0.880999 +/- 0.00205379,p3 = 0.435404 +/- 0.00169472,p4 = -0.974048 +/- 0.00179973,ratio = 0.396622 +/- 0,width1 = 0.00506172 +/- 0,width2 = 0.00859563 +/- 0)
RooAddPdf::model[ NumSig * signal + NumBkg * back ]
     p.d.f value is less than zero (-0.000000), forcing value to zero @ !refCoefNorm=(mass = 2.2414), !pdfs=(signal = 0.00151309/1,back = -0.276231/0.256104), !coefficients=(NumSig = 6674.33 +/- 523.922,NumBkg = -2.36103e+07 +/- 1274.72)
     getLogVal() top-level p.d.f evaluates to zero @ !refCoefNorm=(mass = 2.2414), !pdfs=(signal = 0.00151309/1,back = -0.276231/0.256104), !coefficients=(NumSig = 6674.33 +/- 523.922,NumBkg = -2.36103e+07 +/- 1274.72)
     p.d.f value is less than zero (-0.001981), forcing value to zero @ !refCoefNorm=(mass = 2.27027), !pdfs=(signal = 6.7611/1,back = -0.837475/0.256104), !coefficients=(NumSig = 6674.33 +/- 523.922,NumBkg = -2.36103e+07 +/- 1274.72)
     getLogVal() top-level p.d.f evaluates to zero @ !refCoefNorm=(mass = 2.27027), !pdfs=(signal = 6.7611/1,back = -0.837475/0.256104), !coefficients=(NumSig = 6674.33 +/- 523.922,NumBkg = -2.36103e+07 +/- 1274.72)
     p.d.f value is less than zero (-0.002293), forcing value to zero @ !refCoefNorm=(mass = 2.30332), !pdfs=(signal = 7.82871/1,back = -0.837176/0.256104), !coefficients=(NumSig = 6674.33 +/- 523.922,NumBkg = -2.36103e+07 +/- 1274.72)
     getLogVal() top-level p.d.f evaluates to zero @ !refCoefNorm=(mass = 2.30332), !pdfs=(signal = 7.82871/1,back = -0.837176/0.256104), !coefficients=(NumSig = 6674.33 +/- 523.922,NumBkg = -2.36103e+07 +/- 1274.72)
     p.d.f value is less than zero (-0.000000), forcing value to zero @ !refCoefNorm=(mass = 2.23758), !pdfs=(signal = 0.000283562/1,back = -0.168087/0.256104), !coefficients=(NumSig = 6674.33 +/- 523.922,NumBkg = -2.36103e+07 +/- 1274.72)
     getLogVal() top-level p.d.f evaluates to zero @ !refCoefNorm=(mass = 2.23758), !pdfs=(signal = 0.000283562/1,back = -0.168087/0.256104), !coefficients=(NumSig = 6674.33 +/- 523.922,NumBkg = -2.36103e+07 +/- 1274.72)
     p.d.f value is less than zero (-0.000000), forcing value to zero @ !refCoefNorm=(mass = 2.33369), !pdfs=(signal = 0.00113399/1,back = -0.267125/0.256104), !coefficients=(NumSig = 6674.33 +/- 523.922,NumBkg = -2.36103e+07 +/- 1274.72)
     getLogVal() top-level p.d.f evaluates to zero @ !refCoefNorm=(mass = 2.33369), !pdfs=(signal = 0.00113399/1,back = -0.267125/0.256104), !coefficients=(NumSig = 6674.33 +/- 523.922,NumBkg = -2.36103e+07 +/- 1274.72)
     p.d.f value is less than zero (-0.014122), forcing value to zero @ !refCoefNorm=(mass = 2.28837), !pdfs=(signal = 48.206/1,back = -0.924909/0.256104), !coefficients=(NumSig = 6674.33 +/- 523.922,NumBkg = -2.36103e+07 +/- 1274.72)
     getLogVal() top-level p.d.f evaluates to zero @ !refCoefNorm=(mass = 2.28837), !pdfs=(signal = 48.206/1,back = -0.924909/0.256104), !coefficients=(NumSig = 6674.33 +/- 523.922,NumBkg = -2.36103e+07 +/- 1274.72)
    ... (remaining 2038 messages suppressed)
RooChebychev::back[ x=mass coefList=(p1,p2,p3,p4) ]
     p.d.f value is less than zero (-0.503643), forcing value to zero @ x=mass=2.32375, coefList=(p1 = -0.346253 +/- 0.00197411,p2 = 0.880999 +/- 0.00205379,p3 = 0.435404 +/- 0.00169472,p4 = -0.974048 +/- 0.00179973)
     p.d.f value is less than zero (-0.534571), forcing value to zero @ x=mass=2.3223, coefList=(p1 = -0.346253 +/- 0.00197411,p2 = 0.880999 +/- 0.00205379,p3 = 0.435404 +/- 0.00169472,p4 = -0.974048 +/- 0.00179973)
     p.d.f value is less than zero (-0.924044), forcing value to zero @ x=mass=2.28438, coefList=(p1 = -0.346253 +/- 0.00197411,p2 = 0.880999 +/- 0.00205379,p3 = 0.435404 +/- 0.00169472,p4 = -0.974048 +/- 0.00179973)
     p.d.f value is less than zero (-0.072082), forcing value to zero @ x=mass=2.34092, coefList=(p1 = -0.346253 +/- 0.00197411,p2 = 0.880999 +/- 0.00205379,p3 = 0.435404 +/- 0.00169472,p4 = -0.974048 +/- 0.00179973)
     p.d.f value is less than zero (-0.811905), forcing value to zero @ x=mass=2.26804, coefList=(p1 = -0.346253 +/- 0.00197411,p2 = 0.880999 +/- 0.00205379,p3 = 0.435404 +/- 0.00169472,p4 = -0.974048 +/- 0.00179973)
     p.d.f value is less than zero (-0.086382), forcing value to zero @ x=mass=2.34041, coefList=(p1 = -0.346253 +/- 0.00197411,p2 = 0.880999 +/- 0.00205379,p3 = 0.435404 +/- 0.00169472,p4 = -0.974048 +/- 0.00179973)
     p.d.f value is less than zero (-0.064931), forcing value to zero @ x=mass=2.34117, coefList=(p1 = -0.346253 +/- 0.00197411,p2 = 0.880999 +/- 0.00205379,p3 = 0.435404 +/- 0.00169472,p4 = -0.974048 +/- 0.00179973)
     p.d.f value is less than zero (-0.361673), forcing value to zero @ x=mass=2.24461, coefList=(p1 = -0.346253 +/- 0.00197411,p2 = 0.880999 +/- 0.00205379,p3 = 0.435404 +/- 0.00169472,p4 = -0.974048 +/- 0.00179973)
     p.d.f value is less than zero (-0.519430), forcing value to zero @ x=mass=2.32302, coefList=(p1 = -0.346253 +/- 0.00197411,p2 = 0.880999 +/- 0.00205379,p3 = 0.435404 +/- 0.00169472,p4 = -0.974048 +/- 0.00179973)
     p.d.f value is less than zero (-0.917871), forcing value to zero @ x=mass=2.28178, coefList=(p1 = -0.346253 +/- 0.00197411,p2 = 0.880999 +/- 0.00205379,p3 = 0.435404 +/- 0.00169472,p4 = -0.974048 +/- 0.00179973)
     p.d.f value is less than zero (-0.451369), forcing value to zero @ x=mass=2.32611, coefList=(p1 = -0.346253 +/- 0.00197411,p2 = 0.880999 +/- 0.00205379,p3 = 0.435404 +/- 0.00169472,p4 = -0.974048 +/- 0.00179973)
     p.d.f value is less than zero (-0.854940), forcing value to zero @ x=mass=2.27199, coefList=(p1 = -0.346253 +/- 0.00197411,p2 = 0.880999 +/- 0.00205379,p3 = 0.435404 +/- 0.00169472,p4 = -0.974048 +/- 0.00179973)
    ... (remaining 2038 messages suppressed)

[#0] ERROR:InputArguments -- model: calculated negative expected events: -1.23001e+07
[#0] WARNING:Minization -- RooMinimizerFcn: Minimized function has error status.
