nohup: ignoring input
   ------------------------------------------------------------
  | Welcome to ROOT 6.10/09                http://root.cern.ch |
  |                               (c) 1995-2017, The ROOT Team |
  | Built for linuxx8664gcc                                    |
  | From tag , 16 October 2017                                 |
  | Try '.help', '.demo', '.license', '.credits', '.quit'/'.q' |
   ------------------------------------------------------------

WARNING: AutoLibraryloader::enable() and AutoLibraryLoader.h are deprecated.
Use FWLiteEnabler::enable() and FWLiteEnabler.h instead

Processing unbinned_fit_test_modified_PbPb_trytomanytimes_8_10_pol2.C...
Info in <TCanvas::MakeDefCanvas>:  created default TCanvas with name c1
[#1] INFO:Eval -- RooAbsReal::attachToTree(mass) TTree Float_t branch mass will be converted to double precision
[#1] INFO:Eval -- RooTreeDataStore::loadValues(ds) Ignored 54255 out of range events
RooDataSet::ds[mass] = 432056 entries
Warning in <TCanvas::Constructor>: Deleting canvas with same name: c1
begin fitting
[#1] INFO:Eval -- RooRealVar::setRange(mass) new range named 'fit' created with bounds [2.108,2.444]
[#1] INFO:Fitting -- RooAbsOptTestStatistic::ctor(nll_model_ds) constructing test statistic for sub-range named fit
[#1] INFO:Eval -- RooRealVar::setRange(mass) new range named 'NormalizationRangeForfit' created with bounds [2.1,2.444]
[#1] INFO:Eval -- RooRealVar::setRange(mass) new range named 'fit_nll_model_ds' created with bounds [2.108,2.444]
[#1] INFO:Fitting -- RooAbsOptTestStatistic::ctor(nll_model_ds) fixing interpretation of coefficients of any RooAddPdf to full domain of observables 
[#1] INFO:Minization -- RooMinimizer::optimizeConst: activating const optimization
[#1] INFO:Minization --  The following expressions will be evaluated in cache-and-track mode: (sigma1,sigma2,back)
[#1] INFO:Minization -- RooMinimizerFcn::synchronize: set of constant parameters changed, rerunning const optimizer
[#1] INFO:Minization --  The following expressions will be evaluated in cache-and-track mode: (sigma1,sigma2,back)
 **********
 **    1 **SET PRINT           1
 **********
 **********
 **    2 **SET NOGRAD
 **********
 PARAMETER DEFINITIONS:
    NO.   NAME         VALUE      STEP SIZE      LIMITS
     1 NumBkg       4.22110e+05  4.22110e+06   -2.11055e+07  2.11055e+07
 MINUIT WARNING IN PARAM DEF
 ============== LIMITS ON PARAM1 TOO FAR APART.
 PARAMETER DEFINITIONS:
    NO.   NAME         VALUE      STEP SIZE      LIMITS
     2 NumSig       3.03524e+03  3.03524e+04   -1.51762e+05  1.51762e+05
     3 float_width   0.00000e+00  1.00000e-01   -5.00000e-01  5.00000e-01
     4 mean         2.28661e+00  5.00000e-03    2.26000e+00  2.31000e+00
     5 p1          -8.19990e-02  2.00000e-01   -1.00000e+00  1.00000e+00
     6 p2          -3.05098e-03  2.00000e-01   -1.00000e+00  1.00000e+00
     7 p3           0.00000e+00  2.00000e-01   -1.00000e+00  1.00000e+00
     8 p4           0.00000e+00  2.00000e-01   -1.00000e+00  1.00000e+00
     9 ratio        8.53677e-01  8.53677e-02     no limits
 **********
 **    3 **FIX           9
 **********
 PARAMETER DEFINITIONS:
    NO.   NAME         VALUE      STEP SIZE      LIMITS
    10 width1       6.39979e-03  6.39979e-04     no limits
 **********
 **    4 **FIX          10
 **********
 PARAMETER DEFINITIONS:
    NO.   NAME         VALUE      STEP SIZE      LIMITS
    11 width2       1.65451e-02  1.65451e-03     no limits
 **********
 **    5 **FIX          11
 **********
 **********
 **    6 **SET ERR         0.5
 **********
 **********
 **    7 **SET PRINT           1
 **********
 **********
 **    8 **SET STR           1
 **********
 NOW USING STRATEGY  1: TRY TO BALANCE SPEED AGAINST RELIABILITY
 **********
 **    9 **MIGRAD        5500           1
 **********
 FIRST CALL TO USER FUNCTION AT NEW START POINT, WITH IFLAG=4.
 START MIGRAD MINIMIZATION.  STRATEGY  1.  CONVERGENCE WHEN EDM .LT. 1.00e-03
[#0] ERROR:InputArguments -- model: calculated negative expected events: -3.70922e+06
[#0] WARNING:Minization -- RooMinimizerFcn: Minimized function has error status.
Returning maximum FCN so far (-461839) to force MIGRAD to back out of this region. Error log follows
Parameter values: NumBkg=-2927.6, NumSig=3035.24, float_width=0, mean=2.28661, p1=-0.081999, p2=-0.00305098, p3=0, p4=0, ratio=0.853677, width1=0.00639979, width2=0.0165451
RooAddPdf::model[ NumSig * signal + NumBkg * back ]
     p.d.f value is less than zero (-47.843094), forcing value to zero @ !refCoefNorm=(mass = 2.23079), !pdfs=(signal = 0.0119222/1,back = 1.02235/0.335731), !coefficients=(NumSig = 3035.24,NumBkg = -2927.6)
     getLogVal() top-level p.d.f evaluates to zero @ !refCoefNorm=(mass = 2.23079), !pdfs=(signal = 0.0119222/1,back = 1.02235/0.335731), !coefficients=(NumSig = 3035.24,NumBkg = -2927.6)
     p.d.f value is less than zero (-49.423215), forcing value to zero @ !refCoefNorm=(mass = 2.16497), !pdfs=(signal = 6.46484e-12/1,back = 1.05171/0.335731), !coefficients=(NumSig = 3035.24,NumBkg = -2927.6)
     getLogVal() top-level p.d.f evaluates to zero @ !refCoefNorm=(mass = 2.16497), !pdfs=(signal = 6.46484e-12/1,back = 1.05171/0.335731), !coefficients=(NumSig = 3035.24,NumBkg = -2927.6)
     p.d.f value is less than zero (-48.946973), forcing value to zero @ !refCoefNorm=(mass = 2.18814), !pdfs=(signal = 7.18239e-08/1,back = 1.04158/0.335731), !coefficients=(NumSig = 3035.24,NumBkg = -2927.6)
     getLogVal() top-level p.d.f evaluates to zero @ !refCoefNorm=(mass = 2.18814), !pdfs=(signal = 7.18239e-08/1,back = 1.04158/0.335731), !coefficients=(NumSig = 3035.24,NumBkg = -2927.6)
     p.d.f value is less than zero (-49.498221), forcing value to zero @ !refCoefNorm=(mass = 2.16127), !pdfs=(signal = 1.22017e-12/1,back = 1.05331/0.335731), !coefficients=(NumSig = 3035.24,NumBkg = -2927.6)
     getLogVal() top-level p.d.f evaluates to zero @ !refCoefNorm=(mass = 2.16127), !pdfs=(signal = 1.22017e-12/1,back = 1.05331/0.335731), !coefficients=(NumSig = 3035.24,NumBkg = -2927.6)
     p.d.f value is less than zero (-50.153224), forcing value to zero @ !refCoefNorm=(mass = 2.12842), !pdfs=(signal = 4.9889e-20/1,back = 1.06725/0.335731), !coefficients=(NumSig = 3035.24,NumBkg = -2927.6)
     getLogVal() top-level p.d.f evaluates to zero @ !refCoefNorm=(mass = 2.12842), !pdfs=(signal = 4.9889e-20/1,back = 1.06725/0.335731), !coefficients=(NumSig = 3035.24,NumBkg = -2927.6)
     p.d.f value is less than zero (-48.464865), forcing value to zero @ !refCoefNorm=(mass = 2.21102), !pdfs=(signal = 0.000103463/1,back = 1.03136/0.335731), !coefficients=(NumSig = 3035.24,NumBkg = -2927.6)
     getLogVal() top-level p.d.f evaluates to zero @ !refCoefNorm=(mass = 2.21102), !pdfs=(signal = 0.000103463/1,back = 1.03136/0.335731), !coefficients=(NumSig = 3035.24,NumBkg = -2927.6)
    ... (remaining 2038 messages suppressed)
RooNLLVar::nll_model_ds[ paramSet=(NumBkg,NumSig,float_width,mean,p1,p2,p3,p4,ratio,width1,width2) ]
     function value is NAN @ paramSet=(NumBkg = -2927.6,NumSig = 3035.24,float_width = 0,mean = 2.28661,p1 = -0.081999,p2 = -0.00305098,p3 = 0,p4 = 0,ratio = 0.853677,width1 = 0.00639979,width2 = 0.0165451)

[#0] WARNING:Minization -- RooMinimizerFcn: Minimized function has error status.
Returning maximum FCN so far (-461839) to force MIGRAD to back out of this region. Error log follows
Parameter values: NumBkg=422110, NumSig=-27378.8, float_width=0, mean=2.28661, p1=-0.081999, p2=-0.00305098, p3=0, p4=0, ratio=0.853677, width1=0.00639979, width2=0.0165451
RooAddPdf::model[ NumSig * signal + NumBkg * back ]
     p.d.f value is less than zero (-0.826878), forcing value to zero @ !refCoefNorm=(mass = 2.28571), !pdfs=(signal = 56.2172/1,back = 0.996476/0.335731), !coefficients=(NumSig = -27378.8,NumBkg = 422110)
     getLogVal() top-level p.d.f evaluates to zero @ !refCoefNorm=(mass = 2.28571), !pdfs=(signal = 56.2172/1,back = 0.996476/0.335731), !coefficients=(NumSig = -27378.8,NumBkg = 422110)
     p.d.f value is less than zero (-0.250379), forcing value to zero @ !refCoefNorm=(mass = 2.29041), !pdfs=(signal = 48.0262/1,back = 0.994203/0.335731), !coefficients=(NumSig = -27378.8,NumBkg = 422110)
     getLogVal() top-level p.d.f evaluates to zero @ !refCoefNorm=(mass = 2.29041), !pdfs=(signal = 48.0262/1,back = 0.994203/0.335731), !coefficients=(NumSig = -27378.8,NumBkg = 422110)
     p.d.f value is less than zero (-0.857468), forcing value to zero @ !refCoefNorm=(mass = 2.28705), !pdfs=(signal = 56.6175/1,back = 0.995831/0.335731), !coefficients=(NumSig = -27378.8,NumBkg = 422110)
     getLogVal() top-level p.d.f evaluates to zero @ !refCoefNorm=(mass = 2.28705), !pdfs=(signal = 56.6175/1,back = 0.995831/0.335731), !coefficients=(NumSig = -27378.8,NumBkg = 422110)
     p.d.f value is less than zero (-0.016382), forcing value to zero @ !refCoefNorm=(mass = 2.2821), !pdfs=(signal = 44.9225/1,back = 0.998215/0.335731), !coefficients=(NumSig = -27378.8,NumBkg = 422110)
     getLogVal() top-level p.d.f evaluates to zero @ !refCoefNorm=(mass = 2.2821), !pdfs=(signal = 44.9225/1,back = 0.998215/0.335731), !coefficients=(NumSig = -27378.8,NumBkg = 422110)
     p.d.f value is less than zero (-0.647135), forcing value to zero @ !refCoefNorm=(mass = 2.28443), !pdfs=(signal = 53.7227/1,back = 0.997093/0.335731), !coefficients=(NumSig = -27378.8,NumBkg = 422110)
     getLogVal() top-level p.d.f evaluates to zero @ !refCoefNorm=(mass = 2.28443), !pdfs=(signal = 53.7227/1,back = 0.997093/0.335731), !coefficients=(NumSig = -27378.8,NumBkg = 422110)
     p.d.f value is less than zero (-0.739847), forcing value to zero @ !refCoefNorm=(mass = 2.28828), !pdfs=(signal = 54.9404/1,back = 0.995235/0.335731), !coefficients=(NumSig = -27378.8,NumBkg = 422110)
     getLogVal() top-level p.d.f evaluates to zero @ !refCoefNorm=(mass = 2.28828), !pdfs=(signal = 54.9404/1,back = 0.995235/0.335731), !coefficients=(NumSig = -27378.8,NumBkg = 422110)
    ... (remaining 2038 messages suppressed)
RooNLLVar::nll_model_ds[ paramSet=(NumBkg,NumSig,float_width,mean,p1,p2,p3,p4,ratio,width1,width2) ]
     function value is NAN @ paramSet=(NumBkg = 422110,NumSig = -27378.8,float_width = 0,mean = 2.28661,p1 = -0.081999,p2 = -0.00305098,p3 = 0,p4 = 0,ratio = 0.853677,width1 = 0.00639979,width2 = 0.0165451)

 FCN=-5.5075e+06 FROM MIGRAD    STATUS=INITIATE       38 CALLS          39 TOTAL
                     EDM= unknown      STRATEGY= 1      NO ERROR MATRIX       
  EXT PARAMETER               CURRENT GUESS       STEP         FIRST   
  NO.   NAME      VALUE            ERROR          SIZE      DERIVATIVE 
   1  NumBkg       4.22110e+05   4.22110e+06   2.01400e-01  -4.40587e+05
   2  NumSig       3.03524e+03   3.03524e+04   2.01400e-01  -6.11419e+03
   3  float_width   0.00000e+00   1.00000e-01   2.01358e-01   2.53129e+00
   4  mean         2.28661e+00   5.00000e-03   2.01799e-01  -1.26927e+01
   5  p1          -8.19990e-02   2.00000e-01   2.02077e-01   1.26770e+04
   6  p2          -3.05098e-03   2.00000e-01   2.01359e-01   7.37867e+03
   7  p3           0.00000e+00   2.00000e-01   2.01358e-01  -9.66549e+03
   8  p4           0.00000e+00   2.00000e-01   2.01358e-01  -4.99699e+03
   9  ratio        8.53677e-01     fixed    
  10  width1       6.39979e-03     fixed    
  11  width2       1.65451e-02     fixed    
                               ERR DEF= 0.5
 MIGRAD FAILS TO FIND IMPROVEMENT
 MIGRAD MINIMIZATION HAS CONVERGED.
 FCN=-5.50834e+06 FROM MIGRAD    STATUS=CONVERGED     278 CALLS         279 TOTAL
                     EDM=0.000854061    STRATEGY= 1  ERROR MATRIX UNCERTAINTY   5.0 per cent
  EXT PARAMETER                                   STEP         FIRST   
  NO.   NAME      VALUE            ERROR          SIZE      DERIVATIVE 
   1  NumBkg       4.30069e+05   7.53974e+02  -0.00000e+00  -2.13670e+02
   2  NumSig       3.08253e+03   3.13693e+02   0.00000e+00  -6.98434e+00
   3  float_width  -1.24661e-02   9.59364e-02   0.00000e+00   6.48011e-02
   4  mean         2.28751e+00   6.23439e-04   0.00000e+00  -5.25219e-01
   5  p1          -1.67196e-01   3.45453e-03  -0.00000e+00   4.20273e+00
   6  p2          -4.34814e-02   3.39987e-03  -0.00000e+00  -6.37715e-01
   7  p3           1.09925e-02   2.88616e-03   0.00000e+00  -4.03575e+00
   8  p4           7.23386e-03   3.07017e-03  -0.00000e+00   8.87996e+00
   9  ratio        8.53677e-01     fixed    
  10  width1       6.39979e-03     fixed    
  11  width2       1.65451e-02     fixed    
                               ERR DEF= 0.5
 EXTERNAL ERROR MATRIX.    NDIM=  25    NPAR=  8    ERR DEF=0.5
  5.685e+05 -1.063e+05 -2.163e+01 -2.519e-02 -2.216e-01  1.714e-01 -3.602e-01  5.772e-01 
 -1.063e+05  9.840e+04  2.014e+01  2.661e-02  1.125e-01  5.882e-02  2.145e-01 -4.222e-01 
 -2.163e+01  2.014e+01  9.319e-03  1.733e-05  2.429e-05  8.883e-06  5.111e-05 -9.368e-05 
 -2.519e-02  2.661e-02  1.733e-05  3.888e-07  8.396e-08 -1.303e-07  2.200e-07 -1.466e-07 
 -2.216e-01  1.125e-01  2.429e-05  8.396e-08  1.193e-05 -2.875e-06  5.807e-06 -2.073e-06 
  1.714e-01  5.882e-02  8.883e-06 -1.303e-07 -2.875e-06  1.156e-05 -2.629e-06  4.931e-06 
 -3.602e-01  2.145e-01  5.111e-05  2.200e-07  5.807e-06 -2.629e-06  8.330e-06 -2.811e-06 
  5.772e-01 -4.222e-01 -9.368e-05 -1.466e-07 -2.073e-06  4.931e-06 -2.811e-06  9.426e-06 
 PARAMETER  CORRELATION COEFFICIENTS  
       NO.  GLOBAL      1      2      3      4      5      6      7      8
        1  0.46039   1.000 -0.449 -0.297 -0.054 -0.085  0.067 -0.166  0.249
        2  0.76805  -0.449  1.000  0.665  0.136  0.104  0.055  0.237 -0.438
        3  0.69494  -0.297  0.665  1.000  0.288  0.073  0.027  0.183 -0.316
        4  0.31682  -0.054  0.136  0.288  1.000  0.039 -0.061  0.122 -0.077
        5  0.59152  -0.085  0.104  0.073  0.039  1.000 -0.245  0.582 -0.195
        6  0.58951   0.067  0.055  0.027 -0.061 -0.245  1.000 -0.268  0.472
        7  0.63542  -0.166  0.237  0.183  0.122  0.582 -0.268  1.000 -0.317
        8  0.66916   0.249 -0.438 -0.316 -0.077 -0.195  0.472 -0.317  1.000
[#1] INFO:Minization -- RooMinimizerFcn::synchronize: set of constant parameters changed, rerunning const optimizer
[#1] INFO:Minization --  The following expressions will be evaluated in cache-and-track mode: (sigma1,sigma2,back)
 **********
 **   10 **SET ERR         0.5
 **********
 **********
 **   11 **SET PRINT           1
 **********
 **********
 **   12 **HESSE        5500
 **********
 COVARIANCE MATRIX CALCULATED SUCCESSFULLY
 FCN=-5.50834e+06 FROM HESSE     STATUS=OK             71 CALLS         350 TOTAL
                     EDM=0.0414807    STRATEGY= 1      ERROR MATRIX ACCURATE 
  EXT PARAMETER                                INTERNAL      INTERNAL  
  NO.   NAME      VALUE            ERROR       STEP SIZE       VALUE   
   1  NumBkg       4.30069e+05   7.32962e+02   5.12013e-05   2.03785e-02
   2  NumSig       3.08253e+03   2.86160e+02   2.04560e-03   2.03130e-02
   3  float_width  -1.24661e-02   1.04088e-01   2.49288e-01  -2.49347e-02
   4  mean         2.28751e+00   6.16282e-04   3.76956e-02   1.00625e-01
   5  p1          -1.67196e-01   3.38588e-03   4.43719e-03  -1.67985e-01
   6  p2          -4.34814e-02   3.53806e-03   4.46078e-03  -4.34951e-02
   7  p3           1.09925e-02   2.91600e-03   3.63325e-03   1.09928e-02
   8  p4           7.23386e-03   3.03715e-03   3.64078e-03   7.23392e-03
   9  ratio        8.53677e-01     fixed    
  10  width1       6.39979e-03     fixed    
  11  width2       1.65451e-02     fixed    
                               ERR DEF= 0.5
 EXTERNAL ERROR MATRIX.    NDIM=  25    NPAR=  8    ERR DEF=0.5
  5.372e+05 -8.300e+04 -2.005e+01 -3.255e-02 -2.664e-01  1.776e-01 -3.491e-01  5.249e-01 
 -8.300e+04  8.189e+04  1.914e+01  3.039e-02  4.450e-02  8.434e-02  1.578e-01 -3.373e-01 
 -2.005e+01  1.914e+01  1.099e-02  2.159e-05  1.037e-05  2.230e-05  4.072e-05 -7.592e-05 
 -3.255e-02  3.039e-02  2.159e-05  3.799e-07  3.463e-08  3.049e-08  1.552e-07 -9.231e-08 
 -2.664e-01  4.450e-02  1.037e-05  3.463e-08  1.146e-05 -3.493e-06  5.820e-06 -2.100e-06 
  1.776e-01  8.434e-02  2.230e-05  3.049e-08 -3.493e-06  1.252e-05 -3.226e-06  5.477e-06 
 -3.491e-01  1.578e-01  4.072e-05  1.552e-07  5.820e-06 -3.226e-06  8.503e-06 -2.826e-06 
  5.249e-01 -3.373e-01 -7.592e-05 -9.231e-08 -2.100e-06  5.477e-06 -2.826e-06  9.224e-06 
 PARAMETER  CORRELATION COEFFICIENTS  
       NO.  GLOBAL      1      2      3      4      5      6      7      8
        1  0.41571   1.000 -0.396 -0.261 -0.072 -0.107  0.068 -0.163  0.236
        2  0.74340  -0.396  1.000  0.638  0.172  0.046  0.083  0.189 -0.388
        3  0.67748  -0.261  0.638  1.000  0.334  0.029  0.060  0.133 -0.238
        4  0.34414  -0.072  0.172  0.334  1.000  0.017  0.014  0.086 -0.049
        5  0.60375  -0.107  0.046  0.029  0.017  1.000 -0.292  0.589 -0.204
        6  0.62921   0.068  0.083  0.060  0.014 -0.292  1.000 -0.313  0.510
        7  0.63962  -0.163  0.189  0.133  0.086  0.589 -0.313  1.000 -0.319
        8  0.67307   0.236 -0.388 -0.238 -0.049 -0.204  0.510 -0.319  1.000
[#1] INFO:Minization -- RooMinimizerFcn::synchronize: set of constant parameters changed, rerunning const optimizer
[#1] INFO:Minization --  The following expressions will be evaluated in cache-and-track mode: (sigma1,sigma2,back)
 **********
 **   13 **MINOS        5500           1
 **********
 FCN=-5.50834e+06 FROM MINOS     STATUS=SUCCESSFUL    184 CALLS         534 TOTAL
                     EDM=0.0414807    STRATEGY= 1      ERROR MATRIX ACCURATE 
  EXT PARAMETER                  PARABOLIC         MINOS ERRORS        
  NO.   NAME      VALUE            ERROR      NEGATIVE      POSITIVE   
   1  NumBkg       4.30069e+05   7.32962e+02  -7.07792e+02   8.15660e+02
   2  NumSig       3.08253e+03   2.86160e+02                            
   3  float_width  -1.24661e-02   1.04088e-01                            
   4  mean         2.28751e+00   6.16282e-04                            
   5  p1          -1.67196e-01   3.38588e-03                            
   6  p2          -4.34814e-02   3.53806e-03                            
   7  p3           1.09925e-02   2.91600e-03                            
   8  p4           7.23386e-03   3.03715e-03                            
   9  ratio        8.53677e-01     fixed    
  10  width1       6.39979e-03     fixed    
  11  width2       1.65451e-02     fixed    
                               ERR DEF= 0.5
 **********
 **   14 **MINOS        5500           2
 **********
 FCN=-5.50834e+06 FROM MINOS     STATUS=SUCCESSFUL    198 CALLS         732 TOTAL
                     EDM=0.0414807    STRATEGY= 1      ERROR MATRIX ACCURATE 
  EXT PARAMETER                  PARABOLIC         MINOS ERRORS        
  NO.   NAME      VALUE            ERROR      NEGATIVE      POSITIVE   
   1  NumBkg       4.30069e+05   7.32962e+02  -7.07792e+02   8.15660e+02
   2  NumSig       3.08253e+03   2.86160e+02  -3.58728e+02   2.85297e+02
   3  float_width  -1.24661e-02   1.04088e-01                            
   4  mean         2.28751e+00   6.16282e-04                            
   5  p1          -1.67196e-01   3.38588e-03                            
   6  p2          -4.34814e-02   3.53806e-03                            
   7  p3           1.09925e-02   2.91600e-03                            
   8  p4           7.23386e-03   3.03715e-03                            
   9  ratio        8.53677e-01     fixed    
  10  width1       6.39979e-03     fixed    
  11  width2       1.65451e-02     fixed    
                               ERR DEF= 0.5
 **********
 **   15 **MINOS        5500           3
 **********
 FCN=-5.50834e+06 FROM MINOS     STATUS=SUCCESSFUL    440 CALLS        1172 TOTAL
                     EDM=0.0414807    STRATEGY= 1      ERROR MATRIX ACCURATE 
  EXT PARAMETER                  PARABOLIC         MINOS ERRORS        
  NO.   NAME      VALUE            ERROR      NEGATIVE      POSITIVE   
   1  NumBkg       4.30069e+05   7.32962e+02  -7.07792e+02   8.15660e+02
   2  NumSig       3.08253e+03   2.86160e+02  -3.58728e+02   2.85297e+02
   3  float_width  -1.24661e-02   1.04088e-01  -1.33711e-01   9.67936e-02
   4  mean         2.28751e+00   6.16282e-04                            
   5  p1          -1.67196e-01   3.38588e-03                            
   6  p2          -4.34814e-02   3.53806e-03                            
   7  p3           1.09925e-02   2.91600e-03                            
   8  p4           7.23386e-03   3.03715e-03                            
   9  ratio        8.53677e-01     fixed    
  10  width1       6.39979e-03     fixed    
  11  width2       1.65451e-02     fixed    
                               ERR DEF= 0.5
 **********
 **   16 **MINOS        5500           4
 **********
 FCN=-5.50834e+06 FROM MINOS     STATUS=SUCCESSFUL    193 CALLS        1365 TOTAL
                     EDM=0.0414807    STRATEGY= 1      ERROR MATRIX ACCURATE 
  EXT PARAMETER                  PARABOLIC         MINOS ERRORS        
  NO.   NAME      VALUE            ERROR      NEGATIVE      POSITIVE   
   1  NumBkg       4.30069e+05   7.32962e+02  -7.07792e+02   8.15660e+02
   2  NumSig       3.08253e+03   2.86160e+02  -3.58728e+02   2.85297e+02
   3  float_width  -1.24661e-02   1.04088e-01  -1.33711e-01   9.67936e-02
   4  mean         2.28751e+00   6.16282e-04  -6.61956e-04   5.90069e-04
   5  p1          -1.67196e-01   3.38588e-03                            
   6  p2          -4.34814e-02   3.53806e-03                            
   7  p3           1.09925e-02   2.91600e-03                            
   8  p4           7.23386e-03   3.03715e-03                            
   9  ratio        8.53677e-01     fixed    
  10  width1       6.39979e-03     fixed    
  11  width2       1.65451e-02     fixed    
                               ERR DEF= 0.5
 **********
 **   17 **MINOS        5500           5
 **********
 FCN=-5.50834e+06 FROM MINOS     STATUS=SUCCESSFUL    145 CALLS        1510 TOTAL
                     EDM=0.0414807    STRATEGY= 1      ERROR MATRIX ACCURATE 
  EXT PARAMETER                  PARABOLIC         MINOS ERRORS        
  NO.   NAME      VALUE            ERROR      NEGATIVE      POSITIVE   
   1  NumBkg       4.30069e+05   7.32962e+02  -7.07792e+02   8.15660e+02
   2  NumSig       3.08253e+03   2.86160e+02  -3.58728e+02   2.85297e+02
   3  float_width  -1.24661e-02   1.04088e-01  -1.33711e-01   9.67936e-02
   4  mean         2.28751e+00   6.16282e-04  -6.61956e-04   5.90069e-04
   5  p1          -1.67196e-01   3.38588e-03  -3.41946e-03   3.34999e-03
   6  p2          -4.34814e-02   3.53806e-03                            
   7  p3           1.09925e-02   2.91600e-03                            
   8  p4           7.23386e-03   3.03715e-03                            
   9  ratio        8.53677e-01     fixed    
  10  width1       6.39979e-03     fixed    
  11  width2       1.65451e-02     fixed    
                               ERR DEF= 0.5
 **********
 **   18 **MINOS        5500           6
 **********
 FCN=-5.50834e+06 FROM MINOS     STATUS=SUCCESSFUL    171 CALLS        1681 TOTAL
                     EDM=0.0414807    STRATEGY= 1      ERROR MATRIX ACCURATE 
  EXT PARAMETER                  PARABOLIC         MINOS ERRORS        
  NO.   NAME      VALUE            ERROR      NEGATIVE      POSITIVE   
   1  NumBkg       4.30069e+05   7.32962e+02  -7.07792e+02   8.15660e+02
   2  NumSig       3.08253e+03   2.86160e+02  -3.58728e+02   2.85297e+02
   3  float_width  -1.24661e-02   1.04088e-01  -1.33711e-01   9.67936e-02
   4  mean         2.28751e+00   6.16282e-04  -6.61956e-04   5.90069e-04
   5  p1          -1.67196e-01   3.38588e-03  -3.41946e-03   3.34999e-03
   6  p2          -4.34814e-02   3.53806e-03  -3.63003e-03   3.45833e-03
   7  p3           1.09925e-02   2.91600e-03                            
   8  p4           7.23386e-03   3.03715e-03                            
   9  ratio        8.53677e-01     fixed    
  10  width1       6.39979e-03     fixed    
  11  width2       1.65451e-02     fixed    
                               ERR DEF= 0.5
 **********
 **   19 **MINOS        5500           7
 **********
 FCN=-5.50834e+06 FROM MINOS     STATUS=SUCCESSFUL    155 CALLS        1836 TOTAL
                     EDM=0.0414807    STRATEGY= 1      ERROR MATRIX ACCURATE 
  EXT PARAMETER                  PARABOLIC         MINOS ERRORS        
  NO.   NAME      VALUE            ERROR      NEGATIVE      POSITIVE   
   1  NumBkg       4.30069e+05   7.32962e+02  -7.07792e+02   8.15660e+02
   2  NumSig       3.08253e+03   2.86160e+02  -3.58728e+02   2.85297e+02
   3  float_width  -1.24661e-02   1.04088e-01  -1.33711e-01   9.67936e-02
   4  mean         2.28751e+00   6.16282e-04  -6.61956e-04   5.90069e-04
   5  p1          -1.67196e-01   3.38588e-03  -3.41946e-03   3.34999e-03
   6  p2          -4.34814e-02   3.53806e-03  -3.63003e-03   3.45833e-03
   7  p3           1.09925e-02   2.91600e-03  -3.04365e-03   2.87247e-03
   8  p4           7.23386e-03   3.03715e-03                            
   9  ratio        8.53677e-01     fixed    
  10  width1       6.39979e-03     fixed    
  11  width2       1.65451e-02     fixed    
                               ERR DEF= 0.5
 **********
 **   20 **MINOS        5500           8
 **********
 FCN=-5.50834e+06 FROM MINOS     STATUS=SUCCESSFUL    165 CALLS        2001 TOTAL
                     EDM=0.0414807    STRATEGY= 1      ERROR MATRIX ACCURATE 
  EXT PARAMETER                  PARABOLIC         MINOS ERRORS        
  NO.   NAME      VALUE            ERROR      NEGATIVE      POSITIVE   
   1  NumBkg       4.30069e+05   7.32962e+02  -7.07792e+02   8.15660e+02
   2  NumSig       3.08253e+03   2.86160e+02  -3.58728e+02   2.85297e+02
   3  float_width  -1.24661e-02   1.04088e-01  -1.33711e-01   9.67936e-02
   4  mean         2.28751e+00   6.16282e-04  -6.61956e-04   5.90069e-04
   5  p1          -1.67196e-01   3.38588e-03  -3.41946e-03   3.34999e-03
   6  p2          -4.34814e-02   3.53806e-03  -3.63003e-03   3.45833e-03
   7  p3           1.09925e-02   2.91600e-03  -3.04365e-03   2.87247e-03
   8  p4           7.23386e-03   3.03715e-03  -3.01382e-03   3.28357e-03
   9  ratio        8.53677e-01     fixed    
  10  width1       6.39979e-03     fixed    
  11  width2       1.65451e-02     fixed    
                               ERR DEF= 0.5
Info in <TMinuitMinimizer::GetMinosError>: Parameter ratio is fixed. There are no Minos error to calculate. Ignored.
Info in <TMinuitMinimizer::GetMinosError>: Parameter width1 is fixed. There are no Minos error to calculate. Ignored.
Info in <TMinuitMinimizer::GetMinosError>: Parameter width2 is fixed. There are no Minos error to calculate. Ignored.
[#1] INFO:Minization -- RooMinimizer::optimizeConst: deactivating const optimization
[#1] INFO:Plotting -- RooAbsPdf::plotOn(model) p.d.f was fitted in range and no explicit plot,norm range was specified, using fit range as default
[#1] INFO:Plotting -- RooAbsPdf::plotOn(model) only plotting range 'fit_nll_model_ds'
[#1] INFO:Plotting -- RooAbsPdf::plotOn(model) p.d.f. curve is normalized using explicit choice of ranges 'fit_nll_model_ds'
[#1] INFO:Plotting -- RooAbsPdf::plotOn(model) directly selected PDF components: (back)
[#1] INFO:Plotting -- RooAbsPdf::plotOn(model) indirectly selected PDF components: ()
[#1] INFO:Plotting -- RooAbsPdf::plotOn(model) p.d.f was fitted in range and no explicit norm range was specified, using fit range as default
[#1] INFO:Plotting -- RooAbsPdf::plotOn(model) only plotting range [2.108,2.444]
[#1] INFO:Plotting -- RooAbsPdf::plotOn(model) p.d.f. curve is normalized using explicit choice of ranges 'fit_nll_model_ds'
[#1] INFO:Fitting -- RooAbsOptTestStatistic::ctor(nll_model_ds) constructing test statistic for sub-range named fit
[#1] INFO:Fitting -- RooAbsOptTestStatistic::ctor(nll_model_ds) fixing interpretation of coefficients of any RooAddPdf to full domain of observables 
[#1] INFO:Minization -- RooMinimizer::optimizeConst: activating const optimization
[#1] INFO:Minization --  The following expressions will be evaluated in cache-and-track mode: (sigma1,sigma2,back)
[#1] INFO:Minization -- RooMinimizerFcn::synchronize: set of constant parameters changed, rerunning const optimizer
[#1] INFO:Minization --  The following expressions will be evaluated in cache-and-track mode: (sigma1,sigma2,back)
 **********
 **   21 **SET PRINT           1
 **********
 **********
 **   22 **SET NOGRAD
 **********
 PARAMETER DEFINITIONS:
    NO.   NAME         VALUE      STEP SIZE      LIMITS
     1 NumBkg       4.30069e+05  7.32962e+02   -2.11055e+07  2.11055e+07
 MINUIT WARNING IN PARAM DEF
 ============== LIMITS ON PARAM1 TOO FAR APART.
 PARAMETER DEFINITIONS:
    NO.   NAME         VALUE      STEP SIZE      LIMITS
     2 NumSig       3.08253e+03  2.86160e+02   -1.51762e+05  1.51762e+05
     3 float_width  -1.24661e-02  1.04088e-01   -5.00000e-01  5.00000e-01
     4 mean         2.28751e+00  6.16282e-04    2.26000e+00  2.31000e+00
     5 p1          -1.67196e-01  3.38588e-03   -1.00000e+00  1.00000e+00
     6 p2          -4.34814e-02  3.53806e-03   -1.00000e+00  1.00000e+00
     7 p3           1.09925e-02  2.91600e-03   -1.00000e+00  1.00000e+00
     8 p4           7.23386e-03  3.03715e-03   -1.00000e+00  1.00000e+00
     9 ratio        8.53677e-01  8.53677e-02     no limits
 **********
 **   23 **FIX           9
 **********
 PARAMETER DEFINITIONS:
    NO.   NAME         VALUE      STEP SIZE      LIMITS
    10 width1       6.39979e-03  6.39979e-04     no limits
 **********
 **   24 **FIX          10
 **********
 PARAMETER DEFINITIONS:
    NO.   NAME         VALUE      STEP SIZE      LIMITS
    11 width2       1.65451e-02  1.65451e-03     no limits
 **********
 **   25 **FIX          11
 **********
 **********
 **   26 **SET ERR         0.5
 **********
 **********
 **   27 **SET PRINT           1
 **********
 **********
 **   28 **SET STR           1
 **********
 NOW USING STRATEGY  1: TRY TO BALANCE SPEED AGAINST RELIABILITY
 **********
 **   29 **MIGRAD        5500           1
 **********
 FIRST CALL TO USER FUNCTION AT NEW START POINT, WITH IFLAG=4.
 START MIGRAD MINIMIZATION.  STRATEGY  1.  CONVERGENCE WHEN EDM .LT. 1.00e-03
 FCN=-5.50834e+06 FROM MIGRAD    STATUS=INITIATE       20 CALLS          21 TOTAL
                     EDM= unknown      STRATEGY= 1      NO ERROR MATRIX       
  EXT PARAMETER               CURRENT GUESS       STEP         FIRST   
  NO.   NAME      VALUE            ERROR          SIZE      DERIVATIVE 
   1  NumBkg       4.30069e+05   7.32962e+02   3.47357e-05  -2.13669e+02
   2  NumSig       3.08253e+03   2.86160e+02   1.88598e-03  -6.33188e+00
   3  float_width  -1.24661e-02   1.04088e-01   2.09778e-01   3.35675e-01
   4  mean         2.28751e+00   6.16282e-04   2.47792e-02  -5.24385e-01
   5  p1          -1.67196e-01   3.38588e-03   3.43422e-03   4.21194e+00
   6  p2          -4.34814e-02   3.53806e-03   3.54142e-03  -8.52607e-01
   7  p3           1.09925e-02   2.91600e-03   2.91618e-03  -4.06082e+00
   8  p4           7.23386e-03   3.03715e-03   3.03724e-03   8.82959e+00
   9  ratio        8.53677e-01     fixed    
  10  width1       6.39979e-03     fixed    
  11  width2       1.65451e-02     fixed    
                               ERR DEF= 0.5
 MIGRAD FAILS TO FIND IMPROVEMENT
 MACHINE ACCURACY LIMITS FURTHER IMPROVEMENT.
 MIGRAD MINIMIZATION HAS CONVERGED.
 MIGRAD WILL VERIFY CONVERGENCE AND ERROR MATRIX.
 COVARIANCE MATRIX CALCULATED SUCCESSFULLY
 FCN=-5.50834e+06 FROM HESSE     STATUS=OK             71 CALLS         161 TOTAL
                     EDM=0.0123679    STRATEGY= 1      ERROR MATRIX ACCURATE 
  EXT PARAMETER                                   STEP         FIRST   
  NO.   NAME      VALUE            ERROR          SIZE      DERIVATIVE 
   1  NumBkg       4.30076e+05   7.32952e+02   5.12015e-05   1.92502e+02
   2  NumSig       3.08345e+03   2.86158e+02   2.03808e-03   3.18724e+01
   3  float_width  -1.87205e-02   1.03080e-01   2.45799e-01   4.26551e-01
   4  mean         2.28752e+00   6.14032e-04   3.74821e-02   1.66102e+00
   5  p1          -1.67240e-01   3.38592e-03   4.43705e-03  -3.75642e+00
   6  p2          -4.34857e-02   3.53804e-03   4.46064e-03   3.86704e+00
   7  p3           1.10206e-02   2.91616e-03   3.63299e-03   3.80664e+00
   8  p4           7.16372e-03   3.03749e-03   3.64050e-03  -3.69105e+00
   9  ratio        8.53677e-01     fixed    
  10  width1       6.39979e-03     fixed    
  11  width2       1.65451e-02     fixed    
                               ERR DEF= 0.5
 MINUIT WARNING IN MIGRAD  
 ============== Negative diagonal element 3 in Error Matrix
 MINUIT WARNING IN MIGRAD  
 ============== 1.00371 added to diagonal of error matrix
[#0] ERROR:InputArguments -- model: calculated negative expected events: -1.97944e+07
[#0] WARNING:Minization -- RooMinimizerFcn: Minimized function has error status.
Returning maximum FCN so far (-430426) to force MIGRAD to back out of this region. Error log follows
Parameter values: NumBkg=548225, NumSig=-108992, float_width=0.181979, mean=2.29761, p1=-0.528324, p2=-0.0754795, p3=0.31832, p4=0.0131294, ratio=0.853677, width1=0.00639979, width2=0.0165451
RooAddPdf::model[ NumSig * signal + NumBkg * back ]
     p.d.f value is less than zero (-5.581357), forcing value to zero @ !refCoefNorm=(mass = 2.29137), !pdfs=(signal = 34.8624/1,back = 0.920181/0.342741), !coefficients=(NumSig = -108992 +/- (-358.728,285.297),NumBkg = 548225 +/- (-707.792,815.66))
     getLogVal() top-level p.d.f evaluates to zero @ !refCoefNorm=(mass = 2.29137), !pdfs=(signal = 34.8624/1,back = 0.920181/0.342741), !coefficients=(NumSig = -108992 +/- (-358.728,285.297),NumBkg = 548225 +/- (-707.792,815.66))
     p.d.f value is less than zero (-9.134405), forcing value to zero @ !refCoefNorm=(mass = 2.29825), !pdfs=(signal = 47.8469/1,back = 0.860885/0.342741), !coefficients=(NumSig = -108992 +/- (-358.728,285.297),NumBkg = 548225 +/- (-707.792,815.66))
     getLogVal() top-level p.d.f evaluates to zero @ !refCoefNorm=(mass = 2.29825), !pdfs=(signal = 47.8469/1,back = 0.860885/0.342741), !coefficients=(NumSig = -108992 +/- (-358.728,285.297),NumBkg = 548225 +/- (-707.792,815.66))
     p.d.f value is less than zero (-1.921383), forcing value to zero @ !refCoefNorm=(mass = 2.3085), !pdfs=(signal = 18.5386/1,back = 0.774716/0.342741), !coefficients=(NumSig = -108992 +/- (-358.728,285.297),NumBkg = 548225 +/- (-707.792,815.66))
     getLogVal() top-level p.d.f evaluates to zero @ !refCoefNorm=(mass = 2.3085), !pdfs=(signal = 18.5386/1,back = 0.774716/0.342741), !coefficients=(NumSig = -108992 +/- (-358.728,285.297),NumBkg = 548225 +/- (-707.792,815.66))
     p.d.f value is less than zero (-3.300646), forcing value to zero @ !refCoefNorm=(mass = 2.289), !pdfs=(signal = 26.2773/1,back = 0.94071/0.342741), !coefficients=(NumSig = -108992 +/- (-358.728,285.297),NumBkg = 548225 +/- (-707.792,815.66))
     getLogVal() top-level p.d.f evaluates to zero @ !refCoefNorm=(mass = 2.289), !pdfs=(signal = 26.2773/1,back = 0.94071/0.342741), !coefficients=(NumSig = -108992 +/- (-358.728,285.297),NumBkg = 548225 +/- (-707.792,815.66))
     p.d.f value is less than zero (-6.484203), forcing value to zero @ !refCoefNorm=(mass = 2.29236), !pdfs=(signal = 38.2544/1,back = 0.911599/0.342741), !coefficients=(NumSig = -108992 +/- (-358.728,285.297),NumBkg = 548225 +/- (-707.792,815.66))
     getLogVal() top-level p.d.f evaluates to zero @ !refCoefNorm=(mass = 2.29236), !pdfs=(signal = 38.2544/1,back = 0.911599/0.342741), !coefficients=(NumSig = -108992 +/- (-358.728,285.297),NumBkg = 548225 +/- (-707.792,815.66))
     p.d.f value is less than zero (-9.111982), forcing value to zero @ !refCoefNorm=(mass = 2.29709), !pdfs=(signal = 47.9007/1,back = 0.870773/0.342741), !coefficients=(NumSig = -108992 +/- (-358.728,285.297),NumBkg = 548225 +/- (-707.792,815.66))
     getLogVal() top-level p.d.f evaluates to zero @ !refCoefNorm=(mass = 2.29709), !pdfs=(signal = 47.9007/1,back = 0.870773/0.342741), !coefficients=(NumSig = -108992 +/- (-358.728,285.297),NumBkg = 548225 +/- (-707.792,815.66))
    ... (remaining 2038 messages suppressed)
RooNLLVar::nll_model_ds[ paramSet=(NumBkg,NumSig,float_width,mean,p1,p2,p3,p4,ratio,width1,width2) ]
     function value is NAN @ paramSet=(NumBkg = 548225 +/- (-707.792,815.66),NumSig = -108992 +/- (-358.728,285.297),float_width = 0.181979 +/- (-0.133711,0.0967936),mean = 2.29761 +/- (-0.000661956,0.000590069),p1 = -0.528324 +/- (-0.00341946,0.00334999),p2 = -0.0754795 +/- (-0.00363003,0.00345833),p3 = 0.31832 +/- (-0.00304365,0.00287247),p4 = 0.0131294 +/- (-0.00301382,0.00328357),ratio = 0.853677 +/- 0,width1 = 0.00639979 +/- 0,width2 = 0.0165451 +/- 0)

 MIGRAD FAILS TO FIND IMPROVEMENT
 MIGRAD TERMINATED WITHOUT CONVERGENCE.
 FCN=-5.50834e+06 FROM MIGRAD    STATUS=FAILED        344 CALLS         345 TOTAL
                     EDM=0.651813    STRATEGY= 1  ERROR MATRIX UNCERTAINTY  36.7 per cent
  EXT PARAMETER                APPROXIMATE        STEP         FIRST   
  NO.   NAME      VALUE            ERROR          SIZE      DERIVATIVE 
   1  NumBkg       4.30121e+05   1.05045e+04  -0.00000e+00  -6.96368e+00
   2  NumSig       3.03647e+03   3.35545e+03   0.00000e+00  -1.73742e+00
   3  float_width  -3.69797e-02   3.24050e-01   0.00000e+00  -8.76224e-01
   4  mean         2.28746e+00   1.38369e-02   0.00000e+00  -6.76073e-01
   5  p1          -1.67232e-01   1.27227e-01   0.00000e+00   4.32906e-01
   6  p2          -4.35725e-02   2.66952e-01  -0.00000e+00  -8.55729e-02
   7  p3           1.09154e-02   1.37202e-01   0.00000e+00  -3.81301e-01
   8  p4           7.36162e-03   2.12208e-01  -0.00000e+00   3.00712e-01
   9  ratio        8.53677e-01     fixed    
  10  width1       6.39979e-03     fixed    
  11  width2       1.65451e-02     fixed    
                               ERR DEF= 0.5
 EXTERNAL ERROR MATRIX.    NDIM=  25    NPAR=  8    ERR DEF=0.5
  1.103e+08 -3.470e+07 -1.231e+02 -1.536e+02 -1.334e+03  2.826e+03 -1.441e+03  2.239e+03 
 -3.470e+07  1.126e+07  2.262e+02  4.829e+01  4.166e+02 -8.823e+02  4.509e+02 -7.007e+02 
 -1.231e+02  2.262e+02  1.244e-01  5.565e-05 -1.324e-03  2.945e-03 -7.902e-04  1.171e-03 
 -1.536e+02  4.829e+01  5.565e-05  2.153e-04  1.868e-03 -3.958e-03  2.017e-03 -3.134e-03 
 -1.334e+03  4.166e+02 -1.324e-03  1.868e-03  1.628e-02 -3.447e-02  1.755e-02 -2.727e-02 
  2.826e+03 -8.823e+02  2.945e-03 -3.958e-03 -3.447e-02  7.303e-02 -3.718e-02  5.777e-02 
 -1.441e+03  4.509e+02 -7.902e-04  2.017e-03  1.755e-02 -3.718e-02  1.894e-02 -2.942e-02 
  2.239e+03 -7.007e+02  1.171e-03 -3.134e-03 -2.727e-02  5.777e-02 -2.942e-02  4.573e-02 
ERR MATRIX APPROXIMATE
 PARAMETER  CORRELATION COEFFICIENTS  
       NO.  GLOBAL      1      2      3      4      5      6      7      8
        1  0.99799   1.000 -0.984 -0.033 -0.997 -0.996  0.996 -0.996  0.997
        2  0.99841  -0.984  1.000  0.191  0.981  0.973 -0.973  0.976 -0.977
        3  0.96060  -0.033  0.191  1.000  0.011 -0.029  0.031 -0.016  0.016
        4  0.99917  -0.997  0.981  0.011  1.000  0.998 -0.998  0.999 -0.999
        5  0.99978  -0.996  0.973 -0.029  0.998  1.000 -1.000  1.000 -1.000
        6  0.99994   0.996 -0.973  0.031 -0.998 -1.000  1.000 -1.000  1.000
        7  0.99987  -0.996  0.976 -0.016  0.999  1.000 -1.000  1.000 -1.000
        8  0.99994   0.997 -0.977  0.016 -0.999 -1.000  1.000 -1.000  1.000
 ERR MATRIX APPROXIMATE
[#1] INFO:Minization -- RooMinimizerFcn::synchronize: set of constant parameters changed, rerunning const optimizer
[#1] INFO:Minization --  The following expressions will be evaluated in cache-and-track mode: (sigma1,sigma2,back)
 **********
 **   30 **SET ERR         0.5
 **********
 **********
 **   31 **SET PRINT           1
 **********
 **********
 **   32 **HESSE        5500
 **********
 COVARIANCE MATRIX CALCULATED SUCCESSFULLY
 FCN=-5.50834e+06 FROM HESSE     STATUS=OK             75 CALLS         420 TOTAL
