nohup: ignoring input
   ------------------------------------------------------------
  | Welcome to ROOT 6.10/09                http://root.cern.ch |
  |                               (c) 1995-2017, The ROOT Team |
  | Built for linuxx8664gcc                                    |
  | From tag , 16 October 2017                                 |
  | Try '.help', '.demo', '.license', '.credits', '.quit'/'.q' |
   ------------------------------------------------------------

WARNING: AutoLibraryloader::enable() and AutoLibraryLoader.h are deprecated.
Use FWLiteEnabler::enable() and FWLiteEnabler.h instead

Processing unbinned_fit_test_modified_PbPb_trytomanytimes_6_8_pol2.C...
Info in <TCanvas::MakeDefCanvas>:  created default TCanvas with name c1
[#1] INFO:Eval -- RooAbsReal::attachToTree(mass) TTree Float_t branch mass will be converted to double precision
[#1] INFO:Eval -- RooTreeDataStore::loadValues(ds) Ignored 122669 out of range events
RooDataSet::ds[mass] = 979472 entries
Warning in <TCanvas::Constructor>: Deleting canvas with same name: c1
begin fitting
[#1] INFO:Eval -- RooRealVar::setRange(mass) new range named 'fit' created with bounds [2.108,2.444]
[#1] INFO:Fitting -- RooAbsOptTestStatistic::ctor(nll_model_ds) constructing test statistic for sub-range named fit
[#1] INFO:Eval -- RooRealVar::setRange(mass) new range named 'NormalizationRangeForfit' created with bounds [2.1,2.444]
[#1] INFO:Eval -- RooRealVar::setRange(mass) new range named 'fit_nll_model_ds' created with bounds [2.108,2.444]
[#1] INFO:Fitting -- RooAbsOptTestStatistic::ctor(nll_model_ds) fixing interpretation of coefficients of any RooAddPdf to full domain of observables 
[#1] INFO:Minization -- RooMinimizer::optimizeConst: activating const optimization
[#1] INFO:Minization --  The following expressions will be evaluated in cache-and-track mode: (sigma1,sigma2,back)
[#1] INFO:Minization -- RooMinimizerFcn::synchronize: set of constant parameters changed, rerunning const optimizer
[#1] INFO:Minization --  The following expressions will be evaluated in cache-and-track mode: (sigma1,sigma2,back)
 **********
 **    1 **SET PRINT           1
 **********
 **********
 **    2 **SET NOGRAD
 **********
 PARAMETER DEFINITIONS:
    NO.   NAME         VALUE      STEP SIZE      LIMITS
     1 NumBkg       9.55391e+05  9.55391e+06   -4.77696e+07  4.77696e+07
 MINUIT WARNING IN PARAM DEF
 ============== LIMITS ON PARAM1 TOO FAR APART.
 PARAMETER DEFINITIONS:
    NO.   NAME         VALUE      STEP SIZE      LIMITS
     2 NumSig       7.20000e+03  7.20000e+04   -3.60000e+05  3.60000e+05
     3 float_width   0.00000e+00  1.00000e-01   -5.00000e-01  5.00000e-01
     4 mean         2.28867e+00  5.00000e-03    2.26000e+00  2.31000e+00
     5 p1           0.00000e+00  2.00000e-01   -1.00000e+00  1.00000e+00
     6 p2           0.00000e+00  2.00000e-01   -1.00000e+00  1.00000e+00
     7 p3           0.00000e+00  2.00000e-01   -1.00000e+00  1.00000e+00
     8 ratio        7.45900e-01  7.45900e-02     no limits
 **********
 **    3 **FIX           8
 **********
 PARAMETER DEFINITIONS:
    NO.   NAME         VALUE      STEP SIZE      LIMITS
     9 width1       6.40155e-03  6.40155e-04     no limits
 **********
 **    4 **FIX           9
 **********
 PARAMETER DEFINITIONS:
    NO.   NAME         VALUE      STEP SIZE      LIMITS
    10 width2       1.38690e-02  1.38690e-03     no limits
 **********
 **    5 **FIX          10
 **********
 **********
 **    6 **SET ERR         0.5
 **********
 **********
 **    7 **SET PRINT           1
 **********
 **********
 **    8 **SET STR           1
 **********
 NOW USING STRATEGY  1: TRY TO BALANCE SPEED AGAINST RELIABILITY
 **********
 **    9 **MIGRAD        5000           1
 **********
 FIRST CALL TO USER FUNCTION AT NEW START POINT, WITH IFLAG=4.
 START MIGRAD MINIMIZATION.  STRATEGY  1.  CONVERGENCE WHEN EDM .LT. 1.00e-03
[#0] ERROR:InputArguments -- model: calculated negative expected events: -8.41029e+06
[#0] WARNING:Minization -- RooMinimizerFcn: Minimized function has error status.
Returning maximum FCN so far (-1.04193e+06) to force MIGRAD to back out of this region. Error log follows
Parameter values: NumBkg=-6626.23, NumSig=7200, float_width=0, mean=2.28867, p1=0, p2=0, p3=0, ratio=0.7459, width1=0.00640155, width2=0.013869
RooNLLVar::nll_model_ds[ paramSet=(NumBkg,NumSig,float_width,mean,p1,p2,p3,ratio,width1,width2) ]
     function value is NAN @ paramSet=(NumBkg = -6626.23,NumSig = 7200,float_width = 0,mean = 2.28867,p1 = 0,p2 = 0,p3 = 0,ratio = 0.7459,width1 = 0.00640155,width2 = 0.013869)
RooAddPdf::model[ NumSig * signal + NumBkg * back ]
     p.d.f value is less than zero (-26.464155), forcing value to zero @ !refCoefNorm=(mass = 2.11129), !pdfs=(signal = 2.20191e-35/1,back = 1/0.336), !coefficients=(NumSig = 7200,NumBkg = -6626.23)
     getLogVal() top-level p.d.f evaluates to zero @ !refCoefNorm=(mass = 2.11129), !pdfs=(signal = 2.20191e-35/1,back = 1/0.336), !coefficients=(NumSig = 7200,NumBkg = -6626.23)
     p.d.f value is less than zero (-26.449519), forcing value to zero @ !refCoefNorm=(mass = 2.23147), !pdfs=(signal = 0.00147955/1,back = 1/0.336), !coefficients=(NumSig = 7200,NumBkg = -6626.23)
     getLogVal() top-level p.d.f evaluates to zero @ !refCoefNorm=(mass = 2.23147), !pdfs=(signal = 0.00147955/1,back = 1/0.336), !coefficients=(NumSig = 7200,NumBkg = -6626.23)
     p.d.f value is less than zero (-26.464155), forcing value to zero @ !refCoefNorm=(mass = 2.43778), !pdfs=(signal = 5.79866e-25/1,back = 1/0.336), !coefficients=(NumSig = 7200,NumBkg = -6626.23)
     getLogVal() top-level p.d.f evaluates to zero @ !refCoefNorm=(mass = 2.43778), !pdfs=(signal = 5.79866e-25/1,back = 1/0.336), !coefficients=(NumSig = 7200,NumBkg = -6626.23)
     p.d.f value is less than zero (-26.464152), forcing value to zero @ !refCoefNorm=(mass = 2.20741), !pdfs=(signal = 2.57205e-07/1,back = 1/0.336), !coefficients=(NumSig = 7200,NumBkg = -6626.23)
     getLogVal() top-level p.d.f evaluates to zero @ !refCoefNorm=(mass = 2.20741), !pdfs=(signal = 2.57205e-07/1,back = 1/0.336), !coefficients=(NumSig = 7200,NumBkg = -6626.23)
     p.d.f value is less than zero (-24.368949), forcing value to zero @ !refCoefNorm=(mass = 2.32558), !pdfs=(signal = 0.211809/1,back = 1/0.336), !coefficients=(NumSig = 7200,NumBkg = -6626.23)
     getLogVal() top-level p.d.f evaluates to zero @ !refCoefNorm=(mass = 2.32558), !pdfs=(signal = 0.211809/1,back = 1/0.336), !coefficients=(NumSig = 7200,NumBkg = -6626.23)
     p.d.f value is less than zero (-26.464155), forcing value to zero @ !refCoefNorm=(mass = 2.13556), !pdfs=(signal = 2.50613e-26/1,back = 1/0.336), !coefficients=(NumSig = 7200,NumBkg = -6626.23)
     getLogVal() top-level p.d.f evaluates to zero @ !refCoefNorm=(mass = 2.13556), !pdfs=(signal = 2.50613e-26/1,back = 1/0.336), !coefficients=(NumSig = 7200,NumBkg = -6626.23)
    ... (remaining 2038 messages suppressed)

[#0] WARNING:Minization -- RooMinimizerFcn: Minimized function has error status.
Returning maximum FCN so far (-1.04193e+06) to force MIGRAD to back out of this region. Error log follows
Parameter values: NumBkg=955391, NumSig=-64946.1, float_width=0, mean=2.28867, p1=0, p2=0, p3=0, ratio=0.7459, width1=0.00640155, width2=0.013869
RooNLLVar::nll_model_ds[ paramSet=(NumBkg,NumSig,float_width,mean,p1,p2,p3,ratio,width1,width2) ]
     function value is NAN @ paramSet=(NumBkg = 955391,NumSig = -64946.1,float_width = 0,mean = 2.28867,p1 = 0,p2 = 0,p3 = 0,ratio = 0.7459,width1 = 0.00640155,width2 = 0.013869)
RooAddPdf::model[ NumSig * signal + NumBkg * back ]
     p.d.f value is less than zero (-0.744764), forcing value to zero @ !refCoefNorm=(mass = 2.28731), !pdfs=(signal = 52.7194/1,back = 1/0.336), !coefficients=(NumSig = -64946.1,NumBkg = 955391)
     getLogVal() top-level p.d.f evaluates to zero @ !refCoefNorm=(mass = 2.28731), !pdfs=(signal = 52.7194/1,back = 1/0.336), !coefficients=(NumSig = -64946.1,NumBkg = 955391)
     p.d.f value is less than zero (-0.824956), forcing value to zero @ !refCoefNorm=(mass = 2.28873), !pdfs=(signal = 53.7915/1,back = 1/0.336), !coefficients=(NumSig = -64946.1,NumBkg = 955391)
     getLogVal() top-level p.d.f evaluates to zero @ !refCoefNorm=(mass = 2.28873), !pdfs=(signal = 53.7915/1,back = 1/0.336), !coefficients=(NumSig = -64946.1,NumBkg = 955391)
     p.d.f value is less than zero (-0.821166), forcing value to zero @ !refCoefNorm=(mass = 2.28897), !pdfs=(signal = 53.7408/1,back = 1/0.336), !coefficients=(NumSig = -64946.1,NumBkg = 955391)
     getLogVal() top-level p.d.f evaluates to zero @ !refCoefNorm=(mass = 2.28897), !pdfs=(signal = 53.7408/1,back = 1/0.336), !coefficients=(NumSig = -64946.1,NumBkg = 955391)
     p.d.f value is less than zero (-0.614378), forcing value to zero @ !refCoefNorm=(mass = 2.29089), !pdfs=(signal = 50.9764/1,back = 1/0.336), !coefficients=(NumSig = -64946.1,NumBkg = 955391)
     getLogVal() top-level p.d.f evaluates to zero @ !refCoefNorm=(mass = 2.29089), !pdfs=(signal = 50.9764/1,back = 1/0.336), !coefficients=(NumSig = -64946.1,NumBkg = 955391)
     p.d.f value is less than zero (-0.721869), forcing value to zero @ !refCoefNorm=(mass = 2.29022), !pdfs=(signal = 52.4134/1,back = 1/0.336), !coefficients=(NumSig = -64946.1,NumBkg = 955391)
     getLogVal() top-level p.d.f evaluates to zero @ !refCoefNorm=(mass = 2.29022), !pdfs=(signal = 52.4134/1,back = 1/0.336), !coefficients=(NumSig = -64946.1,NumBkg = 955391)
     p.d.f value is less than zero (-0.688561), forcing value to zero @ !refCoefNorm=(mass = 2.29045), !pdfs=(signal = 51.9681/1,back = 1/0.336), !coefficients=(NumSig = -64946.1,NumBkg = 955391)
     getLogVal() top-level p.d.f evaluates to zero @ !refCoefNorm=(mass = 2.29045), !pdfs=(signal = 51.9681/1,back = 1/0.336), !coefficients=(NumSig = -64946.1,NumBkg = 955391)
    ... (remaining 2038 messages suppressed)

 FCN=-1.32423e+07 FROM MIGRAD    STATUS=INITIATE       32 CALLS          33 TOTAL
                     EDM= unknown      STRATEGY= 1      NO ERROR MATRIX       
  EXT PARAMETER               CURRENT GUESS       STEP         FIRST   
  NO.   NAME      VALUE            ERROR          SIZE      DERIVATIVE 
   1  NumBkg       9.55391e+05   9.55391e+06   2.01400e-01  -9.08167e+05
   2  NumSig       7.20000e+03   7.20000e+04   2.01400e-01  -1.66664e+03
   3  float_width   0.00000e+00   1.00000e-01   2.01358e-01  -5.34389e+01
   4  mean         2.28867e+00   5.00000e-03   2.03691e-01   5.02301e+02
   5  p1           0.00000e+00   2.00000e-01   2.01358e-01   6.30268e+04
   6  p2           0.00000e+00   2.00000e-01   2.01358e-01   1.63229e+04
   7  p3           0.00000e+00   2.00000e-01   2.01358e-01  -4.65308e+04
   8  ratio        7.45900e-01     fixed    
   9  width1       6.40155e-03     fixed    
  10  width2       1.38690e-02     fixed    
                               ERR DEF= 0.5
 MIGRAD FAILS TO FIND IMPROVEMENT
 MACHINE ACCURACY LIMITS FURTHER IMPROVEMENT.
 MIGRAD MINIMIZATION HAS CONVERGED.
 FCN=-1.32494e+07 FROM MIGRAD    STATUS=CONVERGED     145 CALLS         146 TOTAL
                     EDM=0.00958738    STRATEGY= 1  ERROR MATRIX UNCERTAINTY   6.9 per cent
  EXT PARAMETER                                   STEP         FIRST   
  NO.   NAME      VALUE            ERROR          SIZE      DERIVATIVE 
   1  NumBkg       9.74170e+05   1.05278e+03  -0.00000e+00   5.18955e+01
   2  NumSig       7.16245e+03   3.44860e+02   0.00000e+00  -5.66550e+01
   3  float_width   3.21323e-01   3.87191e-02   0.00000e+00  -8.44011e-01
   4  mean         2.28595e+00   5.91156e-04   0.00000e+00  -3.95375e+00
   5  p1          -2.01579e-01   2.18971e-03   0.00000e+00  -2.25418e+01
   6  p2          -3.42819e-02   2.02439e-03   0.00000e+00  -2.20697e+01
   7  p3           9.64684e-03   1.81965e-03  -0.00000e+00   2.99932e+01
   8  ratio        7.45900e-01     fixed    
   9  width1       6.40155e-03     fixed    
  10  width2       1.38690e-02     fixed    
                               ERR DEF= 0.5
 EXTERNAL ERROR MATRIX.    NDIM=  25    NPAR=  7    ERR DEF=0.5
  1.108e+06 -8.916e+04  1.885e+00 -1.769e-02 -1.761e-01 -5.091e-02 -1.109e-01 
 -8.916e+04  1.189e+05  2.414e-01  4.128e-03 -4.950e-03  2.444e-01 -4.284e-02 
  1.885e+00  2.414e-01  1.504e-03  5.925e-06 -3.907e-07  3.723e-06 -9.480e-06 
 -1.769e-02  4.128e-03  5.925e-06  3.495e-07  5.095e-08 -4.170e-08  8.725e-08 
 -1.761e-01 -4.950e-03 -3.907e-07  5.095e-08  4.795e-06 -8.935e-07  2.389e-06 
 -5.091e-02  2.444e-01  3.723e-06 -4.170e-08 -8.935e-07  4.098e-06 -8.654e-07 
 -1.109e-01 -4.284e-02 -9.480e-06  8.725e-08  2.389e-06 -8.654e-07  3.311e-06 
 PARAMETER  CORRELATION COEFFICIENTS  
       NO.  GLOBAL      1      2      3      4      5      6      7
        1  0.26951   1.000 -0.246  0.046 -0.028 -0.076 -0.024 -0.058
        2  0.42759  -0.246  1.000  0.018  0.020 -0.007  0.350 -0.068
        3  0.32266   0.046  0.018  1.000  0.258 -0.005  0.047 -0.134
        4  0.29081  -0.028  0.020  0.258  1.000  0.039 -0.035  0.081
        5  0.61260  -0.076 -0.007 -0.005  0.039  1.000 -0.202  0.600
        6  0.42286  -0.024  0.350  0.047 -0.035 -0.202  1.000 -0.235
        7  0.63091  -0.058 -0.068 -0.134  0.081  0.600 -0.235  1.000
[#1] INFO:Minization -- RooMinimizerFcn::synchronize: set of constant parameters changed, rerunning const optimizer
[#1] INFO:Minization --  The following expressions will be evaluated in cache-and-track mode: (sigma1,sigma2,back)
 **********
 **   10 **SET ERR         0.5
 **********
 **********
 **   11 **SET PRINT           1
 **********
 **********
 **   12 **HESSE        5000
 **********
 COVARIANCE MATRIX CALCULATED SUCCESSFULLY
 FCN=-1.32494e+07 FROM HESSE     STATUS=OK             58 CALLS         204 TOTAL
                     EDM=0.414182    STRATEGY= 1      ERROR MATRIX ACCURATE 
  EXT PARAMETER                                INTERNAL      INTERNAL  
  NO.   NAME      VALUE            ERROR       STEP SIZE       VALUE   
   1  NumBkg       9.74170e+05   1.08927e+03   5.28371e-05   2.03945e-02
   2  NumSig       7.16245e+03   4.45425e+02   2.35246e-03   1.98970e-02
   3  float_width   3.21323e-01   9.35265e-02   5.00000e-01   6.97948e-01
   4  mean         2.28595e+00   6.15003e-04   6.13360e-02   3.79136e-02
   5  p1          -2.01579e-01   2.19461e-03   4.58384e-03  -2.02970e-01
   6  p2          -3.42819e-02   2.05583e-03   4.55004e-03  -3.42886e-02
   7  p3           9.64684e-03   1.83118e-03   3.72834e-03   9.64699e-03
   8  ratio        7.45900e-01     fixed    
   9  width1       6.40155e-03     fixed    
  10  width2       1.38690e-02     fixed    
                               ERR DEF= 0.5
 EXTERNAL ERROR MATRIX.    NDIM=  25    NPAR=  7    ERR DEF=0.5
  1.187e+06 -1.828e+05 -2.020e+01  9.603e-03 -1.258e-01 -2.115e-01 -1.724e-01 
 -1.828e+05  1.984e+05  2.113e+01 -1.368e-02 -5.536e-02  3.693e-01  3.642e-02 
 -2.020e+01  2.113e+01  8.927e-03  7.335e-07 -5.907e-06  3.883e-05  4.683e-06 
  9.603e-03 -1.368e-02  7.335e-07  3.783e-07  3.143e-08 -5.439e-08  1.088e-07 
 -1.258e-01 -5.536e-02 -5.907e-06  3.143e-08  4.816e-06 -1.080e-06  2.266e-06 
 -2.115e-01  3.693e-01  3.883e-05 -5.439e-08 -1.080e-06  4.226e-06 -7.655e-07 
 -1.724e-01  3.642e-02  4.683e-06  1.088e-07  2.266e-06 -7.655e-07  3.353e-06 
 PARAMETER  CORRELATION COEFFICIENTS  
       NO.  GLOBAL      1      2      3      4      5      6      7
        1  0.38793   1.000 -0.377 -0.196  0.014 -0.053 -0.094 -0.086
        2  0.65369  -0.377  1.000  0.502 -0.050 -0.057  0.403  0.045
        3  0.50359  -0.196  0.502  1.000  0.013 -0.028  0.200  0.027
        4  0.12668   0.014 -0.050  0.013  1.000  0.023 -0.043  0.097
        5  0.58097  -0.053 -0.057 -0.028  0.023  1.000 -0.239  0.564
        6  0.47502  -0.094  0.403  0.200 -0.043 -0.239  1.000 -0.203
        7  0.58645  -0.086  0.045  0.027  0.097  0.564 -0.203  1.000
[#1] INFO:Minization -- RooMinimizerFcn::synchronize: set of constant parameters changed, rerunning const optimizer
[#1] INFO:Minization --  The following expressions will be evaluated in cache-and-track mode: (sigma1,sigma2,back)
 **********
 **   13 **MINOS        5000           1
 **********
 FCN=-1.32494e+07 FROM MINOS     STATUS=SUCCESSFUL    241 CALLS         445 TOTAL
                     EDM=0.414182    STRATEGY= 1      ERROR MATRIX ACCURATE 
  EXT PARAMETER                  PARABOLIC         MINOS ERRORS        
  NO.   NAME      VALUE            ERROR      NEGATIVE      POSITIVE   
   1  NumBkg       9.74170e+05   1.08927e+03  -1.00408e+03   1.59464e+03
   2  NumSig       7.16245e+03   4.45425e+02                            
   3  float_width   3.21323e-01   9.35265e-02                            
   4  mean         2.28595e+00   6.15003e-04                            
   5  p1          -2.01579e-01   2.19461e-03                            
   6  p2          -3.42819e-02   2.05583e-03                            
   7  p3           9.64684e-03   1.83118e-03                            
   8  ratio        7.45900e-01     fixed    
   9  width1       6.40155e-03     fixed    
  10  width2       1.38690e-02     fixed    
                               ERR DEF= 0.5
 **********
 **   14 **MINOS        5000           2
 **********
 FCN=-1.32494e+07 FROM MINOS     STATUS=SUCCESSFUL    221 CALLS         666 TOTAL
                     EDM=0.414182    STRATEGY= 1      ERROR MATRIX ACCURATE 
  EXT PARAMETER                  PARABOLIC         MINOS ERRORS        
  NO.   NAME      VALUE            ERROR      NEGATIVE      POSITIVE   
   1  NumBkg       9.74170e+05   1.08927e+03  -1.00408e+03   1.59464e+03
   2  NumSig       7.16245e+03   4.45425e+02  -8.86656e+02   3.77089e+02
   3  float_width   3.21323e-01   9.35265e-02                            
   4  mean         2.28595e+00   6.15003e-04                            
   5  p1          -2.01579e-01   2.19461e-03                            
   6  p2          -3.42819e-02   2.05583e-03                            
   7  p3           9.64684e-03   1.83118e-03                            
   8  ratio        7.45900e-01     fixed    
   9  width1       6.40155e-03     fixed    
  10  width2       1.38690e-02     fixed    
                               ERR DEF= 0.5
 **********
 **   15 **MINOS        5000           3
 **********
 FCN=-1.32494e+07 FROM MINOS     STATUS=SUCCESSFUL    432 CALLS        1098 TOTAL
                     EDM=0.414182    STRATEGY= 1      ERROR MATRIX ACCURATE 
  EXT PARAMETER                  PARABOLIC         MINOS ERRORS        
  NO.   NAME      VALUE            ERROR      NEGATIVE      POSITIVE   
   1  NumBkg       9.74170e+05   1.08927e+03  -1.00408e+03   1.59464e+03
   2  NumSig       7.16245e+03   4.45425e+02  -8.86656e+02   3.77089e+02
   3  float_width   3.21323e-01   9.35265e-02  -2.11967e-01   5.90829e-02
   4  mean         2.28595e+00   6.15003e-04                            
   5  p1          -2.01579e-01   2.19461e-03                            
   6  p2          -3.42819e-02   2.05583e-03                            
   7  p3           9.64684e-03   1.83118e-03                            
   8  ratio        7.45900e-01     fixed    
   9  width1       6.40155e-03     fixed    
  10  width2       1.38690e-02     fixed    
                               ERR DEF= 0.5
 **********
 **   16 **MINOS        5000           4
 **********
 FCN=-1.32494e+07 FROM MINOS     STATUS=SUCCESSFUL    195 CALLS        1293 TOTAL
                     EDM=0.414182    STRATEGY= 1      ERROR MATRIX ACCURATE 
  EXT PARAMETER                  PARABOLIC         MINOS ERRORS        
  NO.   NAME      VALUE            ERROR      NEGATIVE      POSITIVE   
   1  NumBkg       9.74170e+05   1.08927e+03  -1.00408e+03   1.59464e+03
   2  NumSig       7.16245e+03   4.45425e+02  -8.86656e+02   3.77089e+02
   3  float_width   3.21323e-01   9.35265e-02  -2.11967e-01   5.90829e-02
   4  mean         2.28595e+00   6.15003e-04  -5.62136e-04   7.43968e-04
   5  p1          -2.01579e-01   2.19461e-03                            
   6  p2          -3.42819e-02   2.05583e-03                            
   7  p3           9.64684e-03   1.83118e-03                            
   8  ratio        7.45900e-01     fixed    
   9  width1       6.40155e-03     fixed    
  10  width2       1.38690e-02     fixed    
                               ERR DEF= 0.5
 **********
 **   17 **MINOS        5000           5
 **********
 FCN=-1.32494e+07 FROM MINOS     STATUS=SUCCESSFUL     86 CALLS        1379 TOTAL
                     EDM=0.414182    STRATEGY= 1      ERROR MATRIX ACCURATE 
  EXT PARAMETER                  PARABOLIC         MINOS ERRORS        
  NO.   NAME      VALUE            ERROR      NEGATIVE      POSITIVE   
   1  NumBkg       9.74170e+05   1.08927e+03  -1.00408e+03   1.59464e+03
   2  NumSig       7.16245e+03   4.45425e+02  -8.86656e+02   3.77089e+02
   3  float_width   3.21323e-01   9.35265e-02  -2.11967e-01   5.90829e-02
   4  mean         2.28595e+00   6.15003e-04  -5.62136e-04   7.43968e-04
   5  p1          -2.01579e-01   2.19461e-03  -2.13787e-03   2.25448e-03
   6  p2          -3.42819e-02   2.05583e-03                            
   7  p3           9.64684e-03   1.83118e-03                            
   8  ratio        7.45900e-01     fixed    
   9  width1       6.40155e-03     fixed    
  10  width2       1.38690e-02     fixed    
                               ERR DEF= 0.5
 **********
 **   18 **MINOS        5000           6
 **********
 FCN=-1.32494e+07 FROM MINOS     STATUS=SUCCESSFUL    132 CALLS        1511 TOTAL
                     EDM=0.414182    STRATEGY= 1      ERROR MATRIX ACCURATE 
  EXT PARAMETER                  PARABOLIC         MINOS ERRORS        
  NO.   NAME      VALUE            ERROR      NEGATIVE      POSITIVE   
   1  NumBkg       9.74170e+05   1.08927e+03  -1.00408e+03   1.59464e+03
   2  NumSig       7.16245e+03   4.45425e+02  -8.86656e+02   3.77089e+02
   3  float_width   3.21323e-01   9.35265e-02  -2.11967e-01   5.90829e-02
   4  mean         2.28595e+00   6.15003e-04  -5.62136e-04   7.43968e-04
   5  p1          -2.01579e-01   2.19461e-03  -2.13787e-03   2.25448e-03
   6  p2          -3.42819e-02   2.05583e-03  -2.22903e-03   1.96578e-03
   7  p3           9.64684e-03   1.83118e-03                            
   8  ratio        7.45900e-01     fixed    
   9  width1       6.40155e-03     fixed    
  10  width2       1.38690e-02     fixed    
                               ERR DEF= 0.5
 **********
 **   19 **MINOS        5000           7
 **********
 FCN=-1.32494e+07 FROM MINOS     STATUS=SUCCESSFUL     86 CALLS        1597 TOTAL
                     EDM=0.414182    STRATEGY= 1      ERROR MATRIX ACCURATE 
  EXT PARAMETER                  PARABOLIC         MINOS ERRORS        
  NO.   NAME      VALUE            ERROR      NEGATIVE      POSITIVE   
   1  NumBkg       9.74170e+05   1.08927e+03  -1.00408e+03   1.59464e+03
   2  NumSig       7.16245e+03   4.45425e+02  -8.86656e+02   3.77089e+02
   3  float_width   3.21323e-01   9.35265e-02  -2.11967e-01   5.90829e-02
   4  mean         2.28595e+00   6.15003e-04  -5.62136e-04   7.43968e-04
   5  p1          -2.01579e-01   2.19461e-03  -2.13787e-03   2.25448e-03
   6  p2          -3.42819e-02   2.05583e-03  -2.22903e-03   1.96578e-03
   7  p3           9.64684e-03   1.83118e-03  -1.90674e-03   1.75670e-03
   8  ratio        7.45900e-01     fixed    
   9  width1       6.40155e-03     fixed    
  10  width2       1.38690e-02     fixed    
                               ERR DEF= 0.5
Info in <TMinuitMinimizer::GetMinosError>: Parameter ratio is fixed. There are no Minos error to calculate. Ignored.
Info in <TMinuitMinimizer::GetMinosError>: Parameter width1 is fixed. There are no Minos error to calculate. Ignored.
Info in <TMinuitMinimizer::GetMinosError>: Parameter width2 is fixed. There are no Minos error to calculate. Ignored.
[#1] INFO:Minization -- RooMinimizer::optimizeConst: deactivating const optimization
[#1] INFO:Plotting -- RooAbsPdf::plotOn(model) p.d.f was fitted in range and no explicit plot,norm range was specified, using fit range as default
[#1] INFO:Plotting -- RooAbsPdf::plotOn(model) only plotting range 'fit_nll_model_ds'
[#1] INFO:Plotting -- RooAbsPdf::plotOn(model) p.d.f. curve is normalized using explicit choice of ranges 'fit_nll_model_ds'
[#1] INFO:Plotting -- RooAbsPdf::plotOn(model) directly selected PDF components: (back)
[#1] INFO:Plotting -- RooAbsPdf::plotOn(model) indirectly selected PDF components: ()
[#1] INFO:Plotting -- RooAbsPdf::plotOn(model) p.d.f was fitted in range and no explicit norm range was specified, using fit range as default
[#1] INFO:Plotting -- RooAbsPdf::plotOn(model) only plotting range [2.108,2.444]
[#1] INFO:Plotting -- RooAbsPdf::plotOn(model) p.d.f. curve is normalized using explicit choice of ranges 'fit_nll_model_ds'
[#1] INFO:Fitting -- RooAbsOptTestStatistic::ctor(nll_model_ds) constructing test statistic for sub-range named fit
[#1] INFO:Fitting -- RooAbsOptTestStatistic::ctor(nll_model_ds) fixing interpretation of coefficients of any RooAddPdf to full domain of observables 
[#1] INFO:Minization -- RooMinimizer::optimizeConst: activating const optimization
[#1] INFO:Minization --  The following expressions will be evaluated in cache-and-track mode: (sigma1,sigma2,back)
[#1] INFO:Minization -- RooMinimizerFcn::synchronize: set of constant parameters changed, rerunning const optimizer
[#1] INFO:Minization --  The following expressions will be evaluated in cache-and-track mode: (sigma1,sigma2,back)
 **********
 **   20 **SET PRINT           1
 **********
 **********
 **   21 **SET NOGRAD
 **********
 PARAMETER DEFINITIONS:
    NO.   NAME         VALUE      STEP SIZE      LIMITS
     1 NumBkg       9.74170e+05  1.08927e+03   -4.77696e+07  4.77696e+07
 MINUIT WARNING IN PARAM DEF
 ============== LIMITS ON PARAM1 TOO FAR APART.
 PARAMETER DEFINITIONS:
    NO.   NAME         VALUE      STEP SIZE      LIMITS
     2 NumSig       7.16245e+03  4.45425e+02   -3.60000e+05  3.60000e+05
     3 float_width   3.21323e-01  9.35265e-02   -5.00000e-01  5.00000e-01
     4 mean         2.28595e+00  6.15003e-04    2.26000e+00  2.31000e+00
     5 p1          -2.01579e-01  2.19461e-03   -1.00000e+00  1.00000e+00
     6 p2          -3.42819e-02  2.05583e-03   -1.00000e+00  1.00000e+00
     7 p3           9.64684e-03  1.83118e-03   -1.00000e+00  1.00000e+00
     8 ratio        7.45900e-01  7.45900e-02     no limits
 **********
 **   22 **FIX           8
 **********
 PARAMETER DEFINITIONS:
    NO.   NAME         VALUE      STEP SIZE      LIMITS
     9 width1       6.40155e-03  6.40155e-04     no limits
 **********
 **   23 **FIX           9
 **********
 PARAMETER DEFINITIONS:
    NO.   NAME         VALUE      STEP SIZE      LIMITS
    10 width2       1.38690e-02  1.38690e-03     no limits
 **********
 **   24 **FIX          10
 **********
 **********
 **   25 **SET ERR         0.5
 **********
 **********
 **   26 **SET PRINT           1
 **********
 **********
 **   27 **SET STR           1
 **********
 NOW USING STRATEGY  1: TRY TO BALANCE SPEED AGAINST RELIABILITY
 **********
 **   28 **MIGRAD        5000           1
 **********
 FIRST CALL TO USER FUNCTION AT NEW START POINT, WITH IFLAG=4.
 START MIGRAD MINIMIZATION.  STRATEGY  1.  CONVERGENCE WHEN EDM .LT. 1.00e-03
 FCN=-1.32494e+07 FROM MIGRAD    STATUS=INITIATE       28 CALLS          29 TOTAL
                     EDM= unknown      STRATEGY= 1      NO ERROR MATRIX       
  EXT PARAMETER               CURRENT GUESS       STEP         FIRST   
  NO.   NAME      VALUE            ERROR          SIZE      DERIVATIVE 
   1  NumBkg       9.74170e+05   1.08927e+03   2.28074e-05   5.18932e+01
   2  NumSig       7.16245e+03   4.45425e+02   1.23754e-03  -5.66656e+01
   3  float_width   3.21323e-01   9.35265e-02   2.52765e-01  -8.44011e-01
   4  mean         2.28595e+00   6.15003e-04   2.46203e-02  -3.95413e+00
   5  p1          -2.01579e-01   2.19461e-03   2.24061e-03  -2.25418e+01
   6  p2          -3.42819e-02   2.05583e-03   2.05704e-03  -2.20698e+01
   7  p3           9.64684e-03   1.83118e-03   1.83126e-03   2.99932e+01
   8  ratio        7.45900e-01     fixed    
   9  width1       6.40155e-03     fixed    
  10  width2       1.38690e-02     fixed    
                               ERR DEF= 0.5
 MIGRAD FAILS TO FIND IMPROVEMENT
 COVARIANCE MATRIX CALCULATED SUCCESSFULLY
 FCN=-1.32494e+07 FROM HESSE     STATUS=OK             58 CALLS          96 TOTAL
                     EDM=0.207104    STRATEGY= 1      ERROR MATRIX ACCURATE 
  EXT PARAMETER                                   STEP         FIRST   
  NO.   NAME      VALUE            ERROR          SIZE      DERIVATIVE 
   1  NumBkg       9.74170e+05   1.08927e+03   5.28376e-05   1.54349e+02
   2  NumSig       7.16245e+03   4.45433e+02   2.35400e-03  -4.86065e+01
   3  float_width   3.21323e-01   9.35285e-02   5.00000e-01   2.71339e+00
   4  mean         2.28595e+00   6.14994e-04   6.12466e-02  -4.07581e+00
   5  p1          -2.01579e-01   2.19461e-03   4.58389e-03  -2.25187e+01
   6  p2          -3.42819e-02   2.05584e-03   4.54985e-03  -2.34443e+01
   7  p3           9.64684e-03   1.83118e-03   3.72831e-03   2.97860e+01
   8  ratio        7.45900e-01     fixed    
   9  width1       6.40155e-03     fixed    
  10  width2       1.38690e-02     fixed    
                               ERR DEF= 0.5
 MIGRAD FAILS TO FIND IMPROVEMENT
 MACHINE ACCURACY LIMITS FURTHER IMPROVEMENT.
 MIGRAD MINIMIZATION HAS CONVERGED.
 MIGRAD WILL VERIFY CONVERGENCE AND ERROR MATRIX.
 COVARIANCE MATRIX CALCULATED SUCCESSFULLY
 MIGRAD TERMINATED WITHOUT CONVERGENCE.
 FCN=-1.32494e+07 FROM MIGRAD    STATUS=FAILED        202 CALLS         203 TOTAL
                     EDM=0.0519639    STRATEGY= 1      ERR MATRIX APPROXIMATE
  EXT PARAMETER                APPROXIMATE        STEP         FIRST   
  NO.   NAME      VALUE            ERROR          SIZE      DERIVATIVE 
   1  NumBkg       9.74292e+05   1.08907e+03   5.28367e-05  -2.88407e+02
   2  NumSig       7.03499e+03   4.45015e+02   2.29552e-03   1.94562e+02
   3  float_width   2.54130e-01   8.65205e-02   4.20905e-01  -2.51050e-01
   4  mean         2.28601e+00   5.94253e-04   5.92435e-02  -1.57626e+00
   5  p1          -2.01516e-01   2.19430e-03   4.58367e-03   1.51631e+00
   6  p2          -3.44274e-02   2.05498e-03   4.54924e-03   4.09367e+00
   7  p3           9.56460e-03   1.83028e-03   3.72831e-03  -1.83553e+00
   8  ratio        7.45900e-01     fixed    
   9  width1       6.40155e-03     fixed    
  10  width2       1.38690e-02     fixed    
                               ERR DEF= 0.5
 EXTERNAL ERROR MATRIX.    NDIM=  25    NPAR=  7    ERR DEF=0.5
  1.186e+06 -1.824e+05 -2.016e+01  8.165e-03 -1.262e-01 -2.103e-01 -1.732e-01 
 -1.824e+05  1.980e+05  2.111e+01 -1.189e-02 -5.498e-02  3.683e-01  3.738e-02 
 -2.016e+01  2.111e+01  7.589e-03  1.075e-06 -5.863e-06  3.900e-05  4.822e-06 
  8.165e-03 -1.189e-02  1.075e-06  3.532e-07  2.878e-08 -4.878e-08  1.001e-07 
 -1.262e-01 -5.498e-02 -5.863e-06  2.878e-08  4.815e-06 -1.079e-06  2.264e-06 
 -2.103e-01  3.683e-01  3.900e-05 -4.878e-08 -1.079e-06  4.223e-06 -7.626e-07 
 -1.732e-01  3.738e-02  4.822e-06  1.001e-07  2.264e-06 -7.626e-07  3.350e-06 
ERR MATRIX APPROXIMATE
 PARAMETER  CORRELATION COEFFICIENTS  
       NO.  GLOBAL      1      2      3      4      5      6      7
        1  0.38757   1.000 -0.376 -0.213  0.013 -0.053 -0.094 -0.087
        2  0.67318  -0.376  1.000  0.545 -0.045 -0.056  0.403  0.046
        3  0.54653  -0.213  0.545  1.000  0.021 -0.031  0.218  0.030
        4  0.12434   0.013 -0.045  0.021  1.000  0.022 -0.040  0.092
        5  0.58085  -0.053 -0.056 -0.031  0.022  1.000 -0.239  0.564
        6  0.47457  -0.094  0.403  0.218 -0.040 -0.239  1.000 -0.203
        7  0.58590  -0.087  0.046  0.030  0.092  0.564 -0.203  1.000
 ERR MATRIX APPROXIMATE
[#1] INFO:Minization -- RooMinimizerFcn::synchronize: set of constant parameters changed, rerunning const optimizer
[#1] INFO:Minization --  The following expressions will be evaluated in cache-and-track mode: (sigma1,sigma2,back)
 **********
 **   29 **SET ERR         0.5
 **********
 **********
 **   30 **SET PRINT           1
 **********
 **********
 **   31 **HESSE        5000
 **********
 COVARIANCE MATRIX CALCULATED SUCCESSFULLY
 FCN=-1.32494e+07 FROM HESSE     STATUS=OK             54 CALLS         257 TOTAL
                     EDM=0.0482754    STRATEGY= 1      ERROR MATRIX ACCURATE 
  EXT PARAMETER                                INTERNAL      INTERNAL  
  NO.   NAME      VALUE            ERROR       STEP SIZE       VALUE   
   1  NumBkg       9.74292e+05   1.08194e+03   2.11347e-06   2.03971e-02
   2  NumSig       7.03499e+03   4.21637e+02   4.59104e-04   1.95429e-02
   3  float_width   2.54130e-01   8.10046e-02   5.00000e-01   5.33164e-01
   4  mean         2.28601e+00   5.91528e-04   1.18487e-02   4.02169e-02
   5  p1          -2.01516e-01   2.19258e-03   9.16734e-04  -2.02906e-01
   6  p2          -3.44274e-02   2.03773e-03   1.81970e-04  -3.44342e-02
   7  p3           9.56460e-03   1.82832e-03   1.49133e-04   9.56475e-03
   8  ratio        7.45900e-01     fixed    
   9  width1       6.40155e-03     fixed    
  10  width2       1.38690e-02     fixed    
                               ERR DEF= 0.5
 EXTERNAL ERROR MATRIX.    NDIM=  25    NPAR=  7    ERR DEF=0.5
  1.171e+06 -1.647e+05 -1.548e+01  3.002e-03 -1.309e-01 -1.779e-01 -1.711e-01 
 -1.647e+05  1.778e+05  1.602e+01 -6.362e-03 -4.922e-02  3.309e-01  3.541e-02 
 -1.548e+01  1.602e+01  6.641e-03 -1.246e-06 -4.658e-06  2.975e-05  3.118e-06 
  3.002e-03 -6.362e-03 -1.246e-06  3.500e-07  2.662e-08 -3.623e-08  1.001e-07 
 -1.309e-01 -4.922e-02 -4.658e-06  2.662e-08  4.807e-06 -1.069e-06  2.257e-06 
 -1.779e-01  3.309e-01  2.975e-05 -3.623e-08 -1.069e-06  4.152e-06 -7.601e-07 
 -1.711e-01  3.541e-02  3.118e-06  1.001e-07  2.257e-06 -7.601e-07  3.343e-06 
 PARAMETER  CORRELATION COEFFICIENTS  
       NO.  GLOBAL      1      2      3      4      5      6      7
        1  0.37278   1.000 -0.361 -0.176  0.005 -0.055 -0.081 -0.086
        2  0.62517  -0.361  1.000  0.466 -0.026 -0.053  0.385  0.046
        3  0.46663  -0.176  0.466  1.000 -0.026 -0.026  0.179  0.021
        4  0.10688   0.005 -0.026 -0.026  1.000  0.021 -0.030  0.093
        5  0.57995  -0.055 -0.053 -0.026  0.021  1.000 -0.239  0.563
        6  0.46048  -0.081  0.385  0.179 -0.030 -0.239  1.000 -0.204
        7  0.58469  -0.086  0.046  0.021  0.093  0.563 -0.204  1.000
[#1] INFO:Minization -- RooMinimizerFcn::synchronize: set of constant parameters changed, rerunning const optimizer
[#1] INFO:Minization --  The following expressions will be evaluated in cache-and-track mode: (sigma1,sigma2,back)
 **********
 **   32 **MINOS        5000           1
 **********
 FUNCTION MUST BE MINIMIZED BEFORE CALLING MINOs     
 START MIGRAD MINIMIZATION.  STRATEGY  1.  CONVERGENCE WHEN EDM .LT. 5.00e-05
 FCN=-1.32494e+07 FROM MIGRAD    STATUS=INITIATE       14 CALLS         271 TOTAL
                     EDM=0.0243927    STRATEGY= 1      ERROR MATRIX ACCURATE 
  EXT PARAMETER                                   STEP         FIRST   
  NO.   NAME      VALUE            ERROR          SIZE      DERIVATIVE 
   1  NumBkg       9.74292e+05   1.08194e+03   2.11347e-06  -2.88899e+02
   2  NumSig       7.03499e+03   4.21637e+02   4.59104e-04   1.93548e+02
   3  float_width   2.54130e-01   8.10046e-02   5.00000e-01  -9.48518e-01
   4  mean         2.28601e+00   5.91528e-04   1.18487e-02  -1.56792e+00
   5  p1          -2.01516e-01   2.19258e-03   9.16734e-04   1.51340e+00
   6  p2          -3.44274e-02   2.03773e-03   1.81970e-04   4.10028e+00
   7  p3           9.56460e-03   1.82832e-03   1.49133e-04  -1.83450e+00
   8  ratio        7.45900e-01     fixed    
   9  width1       6.40155e-03     fixed    
  10  width2       1.38690e-02     fixed    
                               ERR DEF= 0.5
 MIGRAD FAILS TO FIND IMPROVEMENT
 MACHINE ACCURACY LIMITS FURTHER IMPROVEMENT.
 MIGRAD MINIMIZATION HAS CONVERGED.
 MIGRAD WILL VERIFY CONVERGENCE AND ERROR MATRIX.
 COVARIANCE MATRIX CALCULATED SUCCESSFULLY
 FCN=-1.32494e+07 FROM HESSE     STATUS=OK             64 CALLS         363 TOTAL
                     EDM=0.0114383    STRATEGY= 1      ERROR MATRIX ACCURATE 
  EXT PARAMETER                                   STEP         FIRST   
  NO.   NAME      VALUE            ERROR          SIZE      DERIVATIVE 
   1  NumBkg       9.74338e+05   1.08853e+03   4.22693e-05  -6.81119e+01
   2  NumSig       6.98868e+03   4.43001e+02   2.29810e-03   4.05623e+01
   3  float_width   2.58336e-01   8.76554e-02   4.36295e-01   5.68461e-01
   4  mean         2.28602e+00   5.97781e-04   5.92045e-02  -3.16386e-01
   5  p1          -2.01503e-01   2.19384e-03   4.58367e-03   4.10205e-01
   6  p2          -3.45250e-02   2.05314e-03   3.63939e-03   1.01140e+00
   7  p3           9.56375e-03   1.82989e-03   2.98265e-03  -5.02459e-01
   8  ratio        7.45900e-01     fixed    
   9  width1       6.40155e-03     fixed    
  10  width2       1.38690e-02     fixed    
                               ERR DEF= 0.5
 MINUIT WARNING IN MIGRAD  
 ============== Negative diagonal element 3 in Error Matrix
 MINUIT WARNING IN MIGRAD  
 ============== 1.00295 added to diagonal of error matrix
[#0] WARNING:Minization -- RooMinimizerFcn: Minimized function has error status.
Returning maximum FCN so far (-1.32494e+07) to force MIGRAD to back out of this region. Error log follows
Parameter values: NumBkg=4.29923e+07, NumSig=-159159, float_width=0.419636, mean=2.28789, p1=0.0365383, p2=-0.679771, p3=-0.421512, ratio=0.7459, width1=0.00640155, width2=0.013869
RooAddPdf::model[ NumSig * signal + NumBkg * back ]
     p.d.f value is less than zero (-0.000000), forcing value to zero @ !refCoefNorm=(mass = 2.44373), !pdfs=(signal = 1.28244e-13/1,back = -0.0545452/0.416478), !coefficients=(NumSig = -159159 +/- 421.637,NumBkg = 4.29923e+07 +/- 1081.94)
     getLogVal() top-level p.d.f evaluates to zero @ !refCoefNorm=(mass = 2.44373), !pdfs=(signal = 1.28244e-13/1,back = -0.0545452/0.416478), !coefficients=(NumSig = -159159 +/- 421.637,NumBkg = 4.29923e+07 +/- 1081.94)
     p.d.f value is less than zero (-0.000000), forcing value to zero @ !refCoefNorm=(mass = 2.4432), !pdfs=(signal = 1.58579e-13/1,back = -0.0347482/0.416478), !coefficients=(NumSig = -159159 +/- 421.637,NumBkg = 4.29923e+07 +/- 1081.94)
     getLogVal() top-level p.d.f evaluates to zero @ !refCoefNorm=(mass = 2.4432), !pdfs=(signal = 1.58579e-13/1,back = -0.0347482/0.416478), !coefficients=(NumSig = -159159 +/- 421.637,NumBkg = 4.29923e+07 +/- 1081.94)
     p.d.f value is less than zero (-0.000000), forcing value to zero @ !refCoefNorm=(mass = 2.44351), !pdfs=(signal = 1.40097e-13/1,back = -0.0462959/0.416478), !coefficients=(NumSig = -159159 +/- 421.637,NumBkg = 4.29923e+07 +/- 1081.94)
     getLogVal() top-level p.d.f evaluates to zero @ !refCoefNorm=(mass = 2.44351), !pdfs=(signal = 1.40097e-13/1,back = -0.0462959/0.416478), !coefficients=(NumSig = -159159 +/- 421.637,NumBkg = 4.29923e+07 +/- 1081.94)
     p.d.f value is less than zero (-0.000000), forcing value to zero @ !refCoefNorm=(mass = 2.44264), !pdfs=(signal = 1.9852e-13/1,back = -0.0138614/0.416478), !coefficients=(NumSig = -159159 +/- 421.637,NumBkg = 4.29923e+07 +/- 1081.94)
     getLogVal() top-level p.d.f evaluates to zero @ !refCoefNorm=(mass = 2.44264), !pdfs=(signal = 1.9852e-13/1,back = -0.0138614/0.416478), !coefficients=(NumSig = -159159 +/- 421.637,NumBkg = 4.29923e+07 +/- 1081.94)
     p.d.f value is less than zero (-0.000000), forcing value to zero @ !refCoefNorm=(mass = 2.44389), !pdfs=(signal = 1.20379e-13/1,back = -0.0604569/0.416478), !coefficients=(NumSig = -159159 +/- 421.637,NumBkg = 4.29923e+07 +/- 1081.94)
